36137,26745,31677,34090,60826,43020,63075,43146,45627,33065,37388,40025,56364,53803,57194,40725
13267,22188,30578,31119,31260,37016,37649,43161,37129,59853,54727,74790,12340,27069,25948,38826
45950,34198,29582,41714,62323,42950,39567,53104,54148,22979,21491,36645,70099,45490,53503,57447
55880,51320,49196,56392,47643,38482,41023,36234,55639,42097,52499,42111,54051,41086,50757,41214
33606,64868,64750,30607,31020,53850,49823,29917,23845,45167,46513,27836,28531,45907,35025,8157
35841,37762,41844,49475,40037,37255,42811,61937,25106,30283,27622,44583,34178,35421,42931,42516
51461,33856,35556,32687,52840,40407,38249,35325,46463,43842,33482,39180,37271,31727,27334,36707
33886,39455,42031,32594,39676,33593,40470,45125,51697,50530,55733,49874,28008,27887,29381,32158
44005,39432,29396,39571,47783,49270,33705,58997,33506,51462,20923,36635,27593,43496,25479,28685
25592,47154,37150,45767,51394,81977,64605,57727,45736,49830,46884,35476,32200,36822,42780,38433
43152,47951,27659,36540,58590,59793,42402,52576,34990,33677,26500,30586,47690,44439,37342,42104
51260,60053,60256,41880,43133,46899,56304,33768,38652,54446,60786,43534,40395,37688,47616,29241
54913,63656,67704,60677,30136,41020,44158,45925,34005,46716,47110,45722,38663,39270,55314,39863
33022,58164,59768,39275,30810,40244,49258,40738,24415,44777,46287,31470,39288,58357,59302,33567
45140,31319,35143,37474,49239,37579,39167,47214,53659,38452,49340,56676,33000,13440,18677,40345
37232,33444,27226,30122,67163,49240,51509,49146,43524,33833,32990,33141,34980,31318,22524,17026
31068,21239,28668,43753,56649,45983,49394,62819,59507,44669,53990,72852,41379,40195,49599,60422
35191,30110,22817,44498,33054,30909,17981,29096,45217,41962,27366,46996,44357,41112,24736,56312
61404,55692,52196,44238,44551,46008,44521,38275,40032,34037,46261,30529,47422,53725,50720,43442
28271,39987,34666,49630,37976,52207,27570,48865,34660,55660,27680,48156,43217,52947,38058,60718
54560,59382,41520,44345,33281,48869,39218,41843,25152,39478,30611,32907,39263,40649,34401,34811
41580,22024,53974,41433,52248,36794,72275,43360,43604,42212,60850,32052,33596,20752,39749,27503
22624,20104,20393,22289,48833,48581,63551,54284,19924,14232,35727,23495,43500,43938,55612,46831
36698,51714,48656,27508,43939,46446,46047,32612,31974,40926,34208,18999,21218,42764,37559,17146
19988,27549,40020,23328,25678,18974,40675,19989,44932,39991,42498,44549,20433,29401,34844,25448
30612,23028,32115,49863,35945,22602,42144,70213,21292,15370,27443,47144,15496,11993,23614,47141
61909,63813,51923,69411,43509,59453,50827,49312,53317,66790,63153,66548,58715,60811,51967,68728
51116,32150,49569,56216,40283,32526,47160,47293,48110,33872,48212,63250,42235,38699,48983,51902
37286,27042,37627,23761,46283,30753,39245,30738,35981,32644,53451,36658,28345,19763,23058,21564
38897,33745,29682,38860,39351,36300,28812,43347,35034,35864,33669,44077,66579,44116,38029,62716
39545,49754,29995,36925,29645,46627,27331,43919,32350,32762,21959,39523,41233,56599,32858,48498
30318,35460,28216,28645,29491,34609,41503,42367,23060,27550,19898,22718,20179,33042,29839,29849
32261,38234,27202,24879,30765,39193,34862,37704,45635,55060,47016,44515,38762,38686,39214,28746
18805,50117,36356,29871,34592,46863,36673,48854,19257,37127,32089,29770,30315,49975,36260,49945
39208,44573,49293,36955,38480,48794,50912,35231,29541,41336,35579,27618,33756,32708,29248,23842
27077,29629,52088,41730,36309,35611,67653,51622,51488,37560,62856,66955,38618,41500,58879,54413
61941,37209,41874,36660,40313,30834,23251,41839,72857,42973,52123,40731,35051,34133,21292,36787
50069,58145,83464,52343,34023,45775,52036,33604,32490,49370,53874,35543,34947,50334,54287,33691
29355,24994,31124,17653,44410,34898,40176,41453,53871,44881,47988,42932,49110,38649,40850,35267
43524,85235,48423,59837,19507,44456,38646,42762,48286,91937,63656,80242,18687,43619,28957,36700
48483,47803,32889,60780,37938,46708,29714,37724,25257,41815,29811,27425,57271,49241,27587,63790
33608,43951,28979,58045,27911,44988,38858,47417,42432,50633,48993,62395,19815,29752,42663,43425
41209,46855,39052,41138,20314,36414,51672,39300,41375,53489,41773,46711,47861,51198,54096,48761
41237,31960,49719,36298,53406,44437,64675,45805,45414,33379,52673,34091,53663,42474,60527,43837
33898,36943,49872,45114,48977,34839,50020,38281,40062,23371,39996,31639,23389,28384,38488,34121
43483,35863,44153,37688,34894,46954,39096,40616,45891,34474,42990,31777,34604,36380,24457,31041
49304,40067,23536,54873,50949,52455,49380,47966,33870,41660,34610,47399,35400,41810,31883,45203
49492,39417,33529,48650,60999,58852,48470,67919,58690,59472,47582,80671,49638,44536,42408,62833
19717,17830,44324,39562,38371,34546,56604,52533,31019,33524,62526,68112,22388,23364,51610,49109
36780,58061,36992,28509,34998,48490,28440,29311,35267,55209,40203,21303,27355,60464,26655,33217
38138,40620,58169,55879,28623,30410,45402,34364,19672,21721,29013,29837,33935,32631,43331,39020
36215,54630,53686,43467,31641,50482,34249,40614,19394,33624,25236,40539,26046,42862,37376,39689
42813,33996,39698,52485,48229,39940,51667,51209,46992,40122,46182,54857,41196,37427,45980,48383
69724,56538,42279,44346,50523,45965,46809,49189,60466,54660,44491,42678,30546,32711,38192,39769
23077,24874,27147,30484,30093,37203,49012,49324,19867,34037,37212,31384,25399,38370,43154,47977
24731,12588,38705,40868,48217,42643,71259,71839,21705,16839,27910,28376,45930,39190,61349,64345
58224,46663,38166,42941,45019,34386,22773,37175,52292,39648,26020,31044,70939,50531,43445,48046
39156,28709,45864,21028,36753,20946,43092,18750,40619,27253,54396,17141,48253,44796,70737,31135
35633,45467,34227,29392,50498,37708,38641,37534,51005,60662,52610,39421,57079,65172,69890,48868
24633,49882,80822,58710,15225,36067,60623,28249,23141,46935,79591,44074,15588,59663,89214,51137
63345,35825,32397,41548,60482,60006,40395,59435,52635,45364,36590,55300,41244,51227,34649,59587
60557,45435,72059,58815,37807,22942,46693,33275,34739,26896,43693,31086,53680,39353,54051,49593
38024,61141,53648,58637,30365,42421,46986,42423,40374,51317,50238,46561,20359,26949,24760,24923
44157,36164,34428,36688,32440,34055,33615,27423,23234,35435,30999,27606,27693,33850,36363,28131
32145,27459,41187,16434,34767,32293,40955,20722,38296,48942,53276,36502,29834,36918,49619,19373
47931,42541,40058,52402,30556,25228,26097,39214,56250,33385,26898,51367,17181,25074,33775,27118
49655,30591,36560,27481,50908,35026,20315,19591,42882,30089,30897,19723,43413,29505,27930,23639
49394,34790,18296,25504,31404,31139,26259,35515,52371,34326,32458,33881,39463,31071,26790,31981
22502,22178,17061,25814,23487,34780,32333,40640,44439,37476,44196,57047,31066,36591,22060,45497
53865,22410,28491,46037,28581,25800,19374,35438,46355,27478,28243,44827,53087,35336,32539,57003
25516,18089,28405,22494,24235,19987,25278,29173,22103,9395,10172,23531,45354,33885,44266,50200
35515,53598,49639,31019,27316,50933,41533,29366,33839,47464,44077,31077,43687,64101,57196,40766
47209,33562,57851,38068,43172,31627,46321,28201,55533,29703,57104,34151,28357,24071,36588,22884
48383,67262,50680,51015,55092,61597,47408,49565,45763,45191,42927,44248,40553,53484,38171,38379
34346,47758,68608,52058,13512,39031,42540,23017,23381,43914,54282,38149,34942,54455,74185,44724
27808,19543,49072,35385,40500,14890,52097,39284,20620,21388,32580,25849,50789,32198,72064,55988
36749,15285,37053,34789,47584,15456,44472,44057,46593,22075,47495,39634,48298,25403,61699,47068
39899,36463,41370,46908,61829,50660,65792,53801,24960,18936,23963,32527,51332,34321,42252,56044
43568,49776,62379,43438,31292,38996,46481,39352,32112,43684,52002,33342,32172,31499,49957,26126
37445,32032,42204,38753,35950,39102,39499,40719,37622,37750,36425,31702,55040,52538,58807,50427
30753,21973,36788,39322,38710,26282,44173,36872,40052,42434,53292,42455,38762,28562,38911,40844
31072,44218,28534,20348,41873,68910,49949,31077,42934,60949,51526,21318,42015,57806,49428,29481
22057,35801,31637,42549,33108,58707,33850,60543,34084,65368,50772,58532,28983,53485,39395,51085
44038,43535,32341,32002,45009,38205,26967,26948,32998,34497,21817,30162,46942,44939,29825,44109
20040,24575,27896,43593,21188,34119,32516,51331,31641,31193,51615,63494,23281,29445,43021,44803
57500,28509,57621,58063,70265,42240,61802,65754,50510,31585,49259,50638,41306,20267,35627,39196
48238,48827,48740,50099,33132,35795,40991,47458,45603,52044,56914,57592,61839,70226,70822,64913
28273,30996,33027,27752,39160,42135,42118,28541,39003,54789,63652,38419,38322,57566,63376,38883
77423,52962,39908,55609,38569,34177,17382,15960,53044,45524,27106,28892,63272,46313,25549,47335
57600,67814,75684,58768,50217,59117,69016,58163,50521,57863,60835,51732,35490,37657,37545,38123
27460,28328,35669,27886,30286,28292,30774,26823,42394,42332,56081,50722,59778,41219,57315,56088
34901,35276,36621,33174,16397,20437,21246,23864,27298,31932,37471,39150,34235,38437,36234,34533
58979,52898,58230,32776,67472,45988,70293,32822,38582,23973,38040,15567,41999,40922,44166,15836
17941,23351,25813,26162,32804,47701,53544,56261,36027,44048,42735,36231,41735,56879,62674,54146
17843,39085,29043,40364,22524,30164,16626,22780,22434,25508,27259,30112,29424,43165,29416,25596
36210,16320,30291,25730,69340,54330,56358,57181,51983,38612,38736,37014,53942,35074,50118,41128
42522,40613,61062,34227,65991,38408,76842,30566,53695,32714,55554,36112,66979,36015,75190,34126
44030,35106,46551,48275,39176,26166,43045,46039,18719,10228,14357,20493,37223,29683,49373,39906
31016,36419,46914,36011,26343,39038,47811,40570,23517,35338,50803,40854,27362,32024,43006,33212
48058,47458,45831,48864,38800,39734,41238,42163,58523,47423,41329,52914,55928,49955,53386,68217
35720,44376,41994,42054,27431,35411,37440,32220,28348,35443,41503,37861,26722,28388,38491,33113
59158,23851,38519,26821,63907,32199,59071,35603,33007,22030,40807,21566,63013,42943,49373,41492
62736,37302,50696,56537,45706,39050,39556,39041,34919,23292,25359,28449,36161,29327,32384,35020
49640,35924,49865,57821,39239,35814,59499,58840,36046,16354,42675,51274,40178,17698,41341,41514
69335,49706,36007,64507,41174,29836,19006,43701,40699,22424,21889,33980,65851,43935,22974,61634
36674,29144,65806,52849,34651,26790,47273,38415,34259,23386,35250,43816,31428,21507,48482,26702
19533,16025,28826,20884,34121,44582,53466,34391,50443,58194,78330,47527,26446,33518,40986,32250
49044,47809,54490,55386,33085,34281,37452,46668,32725,33802,40200,40542,35439,45823,46024,50095
43205,52592,37835,44371,40499,49205,28203,40509,41528,50136,34453,29239,41139,54472,27634,43814
32909,38437,33622,12661,21389,24116,21570,8745,33767,35206,32698,15054,51823,43331,33188,16668
39358,39264,44876,38187,28036,21961,37873,28673,27374,29641,33898,31821,23778,15121,26399,20212
45376,35349,33792,48073,53554,44395,40520,58387,44732,43720,42198,51765,51792,47332,48895,63735
23513,63321,31188,26739,27506,63790,26590,34000,19800,55005,24066,21524,17653,51102,17874,29207
29710,40925,52345,35523,20440,40718,44484,34647,42320,48701,64562,46738,36569,51746,55622,42539
46702,36962,51968,59228,43314,29261,24351,49248,41190,37103,45443,54324,31670,16864,28787,38094
39551,40264,52022,44997,55066,46544,53296,48676,33833,32463,53106,49770,53315,25218,55368,41026
42896,55006,44873,43410,25050,34730,31861,29278,33503,33625,32854,26402,60226,55656,45134,38947
33268,38049,32506,35334,50581,41645,45340,46802,49697,41962,46105,50206,52707,40773,52913,53926
37336,52143,40868,37236,38070,50083,33471,31608,37764,47804,30857,30330,34986,35088,28842,28816
47696,67699,38746,44347,37184,48615,29537,40784,41728,64562,32994,43678,27033,53714,35363,30336
35670,56350,36051,54181,42318,59116,36064,58539,29573,44357,25352,40859,43351,67889,39409,62041
54728,39510,45162,50996,28898,19159,38332,18047,44693,26655,44882,33319,39788,21802,43441,29728
41444,50588,49777,53365,40043,46368,39127,40802,28149,32334,37285,32109,31911,38149,47946,39016
44943,46840,52657,46195,42225,36489,53763,48863,29754,27863,41499,32316,44908,40390,62831,41168
42699,37445,53185,32113,35903,33352,53372,33604,34085,26649,37510,23120,46015,42315,68288,38223
48366,42024,40603,40733,33396,33152,34301,30793,49887,36892,36592,41659,45068,39776,48344,45865
31039,22829,19358,32436,37760,25761,25090,37032,55451,51346,43376,57476,51870,49135,45054,55198
55921,36556,42887,43658,44254,32992,36397,23013,37449,30827,33995,19669,48684,33602,40267,35286
12822,21455,31219,25875,14607,35217,35386,30587,26397,39441,52106,43756,17912,30681,38932,34911
31260,36713,45899,26717,28629,45108,47809,46104,31639,40501,40439,32080,53129,68911,75782,64489
58280,38102,24082,41138,26588,20416,23109,23071,52774,41339,31668,32155,44309,33360,17977,31538
37582,39088,58919,51197,48184,42595,61447,58897,38330,37499,48477,54647,27080,18647,38530,39462
38540,30475,44269,32455,36457,32105,32627,33150,35607,34930,31440,37625,26958,31683,36499,27692
8976,12645,15796,34261,19747,24261,37968,39122,31389,34366,52448,46313,40424,30210,53578,37811
35373,58674,30963,40357,25707,38761,23100,31559,33310,48832,26241,41416,26055,33306,27003,30749
37509,27646,14414,25212,39413,34586,29156,35013,40197,33668,17027,31587,38862,30668,26859,33744
20731,26817,48166,21950,28747,46024,62433,34986,37531,46715,68227,35446,39094,50159,67243,38403
65295,27486,67459,62933,48106,29236,48961,38204,45728,23519,51787,41592,39048,33261,54861,32889
52005,49594,26034,73766,65346,62233,35426,74612,40264,31838,17781,45069,43893,47251,23539,44839
37731,41153,35680,28326,42278,46597,51165,48572,25267,31364,29688,17804,25881,24417,24967,31090
37043,37097,40715,29460,60188,31192,53386,30597,28712,34270,33476,30738,47177,43369,47591,39058
52070,23315,30486,38060,42763,21256,21153,37549,61592,38266,31768,51118,72006,43373,46909,62835
56517,36057,48184,28207,62575,49547,65249,43202,39515,46836,50377,34525,60201,50293,58285,37391
61931,39243,75253,52084,51147,37284,63191,52884,63136,37987,73757,47943,50226,25446,56108,31425
28325,33528,36767,42997,39210,63084,44964,48681,33608,58399,44610,43595,33414,46024,20834,37682
29387,17051,27251,14033,30840,40067,45962,23227,35017,35547,46648,28886,38717,39294,46332,25467
39051,34517,51171,37004,38077,37498,49196,21343,40444,52272,49899,36694,46912,49948,62307,45526
29998,31340,28844,25898,43677,46710,46351,25105,49764,53971,53725,40621,52988,58677,49725,23029
32194,26630,26667,18843,24742,32818,17800,20506,30395,30039,45382,33588,47670,54531,33800,33394
41925,42646,39573,35293,49005,52073,23915,40653,26291,31962,33051,20418,34654,36529,29245,35031
47817,63926,61021,64909,41733,51907,56195,35242,46740,44364,38555,43536,22730,22706,24927,27708
31583,33287,40978,55666,47132,50252,68970,67452,40221,37669,51774,56092,28142,37364,48330,54993
25264,47539,25307,44233,35194,45515,30570,55168,31113,47738,30823,47410,32967,60866,43328,56397
47535,43940,37416,41641,58999,64937,43438,49460,35289,46397,43947,26305,47147,45777,47376,41950
32802,33978,33794,33291,17469,24616,18925,22896,35973,33791,19307,36907,20573,30622,39539,37724
38162,45520,30994,32239,33637,39682,18562,24993,28790,46391,22396,35275,28910,33622,24638,36121
48818,53757,37091,27381,39077,43375,24568,32750,71687,77282,44203,53909,43659,48577,27881,33235
44481,39802,53301,27512,39119,28444,50082,32814,39795,29984,46077,23905,62570,49326,73271,42562
24054,20493,43312,13697,30723,30761,47167,13459,13706,6062,29323,5871,38164,37251,56616,18062
38329,47540,45645,48889,40401,53714,42751,50356,31160,33089,22747,31867,28515,57223,41955,40792
56458,56373,45494,44884,39074,39646,24078,17505,54644,67940,56886,45625,41892,45790,27559,29778
44042,56121,50227,47223,32356,27075,35986,27252,48081,45844,44936,44907,49828,41604,55277,28365
21655,21763,38347,25908,24391,29499,52152,26107,34561,33874,64363,38516,38528,38206,72614,42398
46706,18000,34793,5875,35280,17393,37535,11797,44061,23252,35984,8707,58111,26590,42645,10246
45129,27703,44905,37136,69159,41880,74507,46995,41764,24755,37874,18533,46131,27067,43893,29869
45705,52027,41951,25465,42816,47137,39090,35324,30423,43126,42226,17686,36100,44824,31224,25258
19888,37698,34280,37019,19267,47537,30227,39680,38545,73781,67325,81834,12559,26978,27967,22628
44669,25036,28182,54362,26909,21011,29128,29397,43536,36464,23570,57724,33453,13694,18437,32737
39780,37709,33991,33780,54796,42074,38820,41709,51044,43055,33469,39697,37594,29863,22511,23532
25379,42456,34163,23240,32627,38202,22268,22830,29005,48765,31328,29740,17158,47643,28781,33564
43510,55342,60937,48134,41637,35170,38934,25504,32270,30569,27779,14526,36079,45451,56115,35697
57832,50087,25966,71322,19712,22973,14184,29606,24704,39072,24215,28492,45667,61358,35561,52759
35015,55680,42238,47895,33188,37046,38181,42368,17235,25042,19915,28384,35535,40985,41436,48218
45896,37094,60133,43404,19527,37924,35813,29450,35350,45564,57739,40649,31588,34743,43747,44605
50316,57061,53374,49270,44457,50467,47788,35467,37092,34723,36790,32028,26434,38560,24468,23801
40503,26211,27048,33256,58428,44896,46194,53462,40571,39546,45069,41101,33200,30943,34309,42087
43806,38397,53015,42546,60135,62233,69739,65787,43448,35884,48447,57140,51156,38258,56577,35095
50118,44308,39148,43898,46663,32375,43959,33636,46249,25072,28488,30186,36399,24302,22807,30184
56941,45010,66651,57261,41638,27605,45504,33505,30784,14461,36320,29037,61244,40505,66497,60831
24699,30451,26409,16066,36367,59807,35510,18357,52385,75650,42700,21054,42020,59021,36740,23945
29042,59469,51280,60425,25388,45396,46116,55158,16020,34963,45334,47286,14422,30975,28037,35044
56802,57166,34542,48650,53928,59137,41429,48752,38655,47134,25044,36275,31257,37239,22217,28890
40231,38754,51772,37465,41163,28517,51835,34451,44530,47605,52825,47111,46423,42976,63162,39029
55082,46396,50090,34997,34370,17609,28806,41224,55885,39168,48873,51518,39313,33495,30431,26354
54390,56659,54232,30701,33653,41401,42359,21280,37275,36918,43354,30310,49999,43849,43480,24275
43482,21695,64324,75185,38391,30626,64338,70223,42137,25454,61042,68735,41417,34872,73922,81502
39939,60588,57644,41590,31721,41387,34019,27157,36734,38382,18695,32729,52931,67494,49446,54081
44464,32915,54805,49313,44696,34520,45994,39166,30428,28783,48214,43295,38495,38214,69361,54859
27100,42261,31109,23563,45851,40645,52996,37539,31291,38326,43065,35157,37049,63064,48484,40602
34139,34508,38982,18069,50786,46962,46344,29362,42483,50704,56526,32167,52085,52994,43388,31433
33816,53265,46629,33128,52277,80273,61943,43331,34697,45606,41583,28352,34362,49826,46697,25651
37537,49043,44479,75798,32270,39347,39082,45922,40690,44181,46738,51440,22021,34563,34467,55721
49794,40000,46506,36682,47567,43112,40259,33618,42795,27958,33375,28842,70467,55229,61682,45045
50975,36975,25248,35174,38999,24514,24166,36259,50746,30594,40668,44653,34156,19081,21609,30299
57347,52572,42354,44509,38951,34183,38030,39667,50157,45698,41055,36861,36987,33366,29355,34862
51280,42884,40516,36130,36129,28146,30476,21986,42411,42086,39941,41020,51935,49982,38289,34950
40841,52495,43747,66073,21853,38736,31801,48688,31463,43381,32654,54361,36581,54328,46875,63574
7658,15196,16776,9545,52082,75337,82549,55614,35950,38141,39467,36113,36917,44846,49954,34481
25632,25017,30678,24338,45204,39991,54977,40467,55497,48248,66815,48072,36921,26865,49397,28133
33088,27506,15945,26252,44028,38299,29053,42597,59360,45895,46775,47924,50729,34467,50884,34656
41471,40724,55809,43795,25713,33327,40963,31607,28110,33340,46325,24969,20024,24667,36544,26546
70678,49651,66696,41363,40322,42015,49942,26573,40202,27307,38514,24786,25616,24957,32603,17945
24598,23298,26661,27055,56711,36696,44623,47286,29999,28768,34133,42311,37885,23396,30774,26346
38785,29290,21924,27755,62062,35075,28774,38036,68721,43060,43065,41080,75507,44100,30842,45995
42345,27510,37850,46012,39026,36912,38687,55037,27358,26256,24896,48042,32199,26090,27614,43217
43298,60534,51645,43105,25989,26473,20693,25262,38943,51024,38170,43697,32480,43797,28118,26696
44133,40231,44808,56540,28013,20397,22213,31335,26489,37117,32033,35630,45504,35511,41356,50462
26384,48300,30032,50155,38806,53063,35350,56469,14630,30431,24479,41980,31186,39872,25138,46418
57777,59534,52024,56369,49393,52396,47528,41596,54281,55912,62875,53899,38226,36509,29285,27321
42234,32767,37835,34526,49082,42756,52121,39185,52514,52480,64142,42364,71784,40686,68233,46575
46302,40526,29672,55184,48532,35604,27437,55162,25592,22952,16973,36587,48929,42658,33199,65157
25469,8405,18318,18052,49985,28674,43451,48518,25021,19082,27213,30508,59974,27394,28774,44467
41436,28001,23707,26146,51155,36648,44710,35976,44837,40329,46997,45295,44129,29833,32399,27751
25493,24739,32032,13990,47469,46211,61826,51144,44726,45975,69143,41246,44602,43231,57911,43100
50681,52996,52347,30692,38076,37913,30722,21576,50616,52463,54210,29284,54796,57790,59316,33596
43877,51069,45776,24661,34174,50934,26591,13530,41051,63512,44837,27766,30380,56006,37446,23122
33433,62311,38953,39943,17285,37922,26278,31540,38462,43387,29160,40583,39072,50162,47703,43776
34289,36977,47635,52542,35664,23675,44321,53731,39699,40377,40709,58866,51957,44723,63391,69413
28812,28377,43657,14107,35198,48157,49698,17426,33282,40667,33218,13551,36660,33536,51284,19743
22882,32255,37846,40811,21879,29786,29773,36968,36141,54360,47938,49115,34977,52945,49456,53042
34514,35258,33898,28666,27660,44096,37789,27582,29452,40996,45604,32517,32983,47346,43722,39174
44027,30357,41085,31318,27811,30122,29519,26288,58949,36259,63385,44649,47220,30925,51820,36965
45424,51268,39194,55068,55976,55254,49591,54317,46048,46500,35406,50740,26852,31591,30571,34783
42605,34404,58329,44914,34389,27364,32233,38821,33887,27541,41852,24284,36146,23671,43069,33248
41017,30303,24902,37415,54303,44176,47821,52694,55377,39697,34382,52838,54786,35554,45984,50706
38366,41606,32622,56560,35359,37438,30338,57299,44171,49721,45068,79292,35690,34772,26248,49333
33596,52009,46269,68597,30975,55998,50129,70752,26833,51578,39047,55450,30229,53207,37174,58582
41074,41290,53800,49454,42773,43746,47342,55030,32103,31095,36183,34224,30003,33492,34405,40790
39860,34150,12338,42813,47250,42397,23305,54961,43330,43921,20992,47010,31516,33449,13540,33562
27637,39121,40874,54456,29992,26395,37234,42408,20775,35758,36422,48118,27570,36651,31753,46515
35285,49112,34777,51396,55723,58564,44409,60279,20610,27866,25642,31028,25063,25071,31289,42498
53769,65776,55261,53430,39035,44611,46316,44726,31239,41535,40037,29634,47317,56006,48042,44563
39350,33237,22304,34090,53913,49881,40913,51103,33517,17463,19261,21533,44284,37178,28634,36755
28084,33947,31864,14990,18575,33122,32201,11352,24940,42958,39492,24422,29600,48575,30669,24294
39322,33382,43982,24981,33451,34082,47298,29229,37832,37042,31946,35752,45415,40961,58485,31771
50889,33434,52965,51044,30631,24214,40971,40863,29069,11364,37201,30654,49537,49239,64974,52923
21741,30800,47052,29957,21699,43052,61622,38119,20614,39678,71510,45334,18744,32893,54353,44397
49482,51357,62095,38156,46851,39596,48572,35087,44647,34714,49249,34089,46561,35732,53929,37328
36343,30331,19593,38695,34234,28354,14747,37869,32058,41276,21459,22544,34251,51066,22773,28455
30833,58891,49411,23352,57922,76498,76175,44278,25922,42741,36181,16946,39018,59093,52214,27142
46742,30438,37773,36795,72177,48367,41195,47304,51878,34292,25510,29142,53375,41337,39991,26983
40171,33442,40339,51572,28227,26113,42802,36693,29594,21768,40991,40592,34282,29167,35788,47169
68561,44427,28136,59224,71802,43511,33470,57263,60855,38258,31978,49113,43420,20216,17318,33880
26217,31671,23117,31903,40100,58566,39205,59318,34438,50162,32358,50835,58382,66116,32262,70696
62516,40910,38549,64122,42428,36112,31836,45479,65653,47031,55297,62457,43580,32137,23611,50573
48744,53570,36591,61523,37164,33445,21770,51935,17612,16260,13584,27199,37339,41787,33140,49612
44284,24790,36592,30814,69621,36285,54518,53118,70183,42403,59735,57408,60358,37227,54511,52810
43046,52490,42202,24780,28019,48626,29237,24471,34451,42895,31811,19516,51564,53525,49116,33479
65791,64582,51845,63903,43188,46151,37428,49550,51691,45332,46488,44637,44141,45704,45092,50693
36427,24593,35438,32603,32395,16016,32379,22678,50068,37650,57364,48582,48997,28202,51742,42349
33348,38731,40089,33403,63157,68488,62742,49995,38412,52726,40627,38228,49780,62738,52067,37626
40058,27703,26674,25062,49342,37297,40143,32031,50720,36065,27873,29513,43533,43697,30309,18932
32339,18227,40690,55421,15153,10864,29559,37705,21039,18271,30026,32072,35822,30410,41431,50920
26480,30752,21126,21599,26253,35602,34322,26873,36476,52744,35149,39802,45072,64511,35921,46640
33366,47288,49819,40376,39810,48627,50806,33494,52378,64559,66106,47719,44298,66611,57223,49562
45030,33799,47296,35261,54908,43151,38188,25581,43796,35404,34205,32070,30660,23481,30454,19805
38277,41851,34576,32707,52662,44040,44220,45535,63543,54164,62612,41581,44082,33001,46668,42411
66590,43510,41518,53259,70006,46908,55100,59613,50980,45707,34851,50747,46424,33352,42574,44286
49063,42726,39680,38980,41603,50764,37012,35555,40336,61383,45114,37220,48575,41494,32072,32186
45990,46768,48867,59503,36532,42532,49838,62637,30976,35195,49870,56111,22310,40729,40911,50958
46169,65593,36691,45186,34211,59677,35951,36466,34129,57099,41424,41909,20835,41186,29217,24551
46303,50552,27972,53161,37116,64831,36997,53481,26606,50104,29285,52358,22359,44830,25234,41830
41034,32920,38854,37831,45186,35525,44163,37765,64594,52748,65702,41343,39895,34234,38196,25957
28684,28704,19377,31268,46286,42228,24276,41784,37702,34160,31046,28825,43845,56262,41819,40743
58896,39176,82076,56507,35247,29919,36239,17611,39902,36628,57550,43039,41363,24313,62559,45525
40201,23353,36177,35004,40742,32945,32436,30707,32897,20029,36948,35044,36364,23668,52272,48600
12642,32200,32280,35027,34960,58067,56082,40621,14249,33723,36037,29768,28841,50607,44731,43030
24292,30685,25310,28161,20505,40045,38155,52185,32401,38845,33687,53843,37193,49715,45111,46717
32374,48689,27810,51412,37229,32719,26331,45577,32321,52703,26539,50575,35468,40965,27815,51219
28523,29069,28107,32081,40942,49915,45851,56844,32390,35500,37702,42073,24485,42658,33605,37655
39981,48881,35926,48640,22653,43412,39245,47366,29910,51911,36947,44566,35094,56297,36864,62712
55255,47469,50869,47971,76356,55182,78406,60191,56232,40095,42386,41392,60918,48235,54256,48461
58708,56119,64192,55298,39355,43640,55310,36362,43817,44859,59739,41813,34214,38540,50070,29213
26705,18914,23126,45200,41776,33505,16504,60931,30789,20833,31347,54655,29092,28700,17517,46846
61867,45309,46800,41611,64631,41588,49337,46731,64500,49359,49940,42853,49557,53929,47198,31051
35134,20392,30335,37383,40413,26961,36328,57368,38168,27463,37694,51315,40026,31622,31956,63401
62845,37073,38680,66224,36882,23060,22463,42972,33513,18839,16938,48929,56692,22556,28533,65537
47616,32078,38570,44552,39403,21701,31180,31342,56757,41423,50624,54702,43840,21625,32422,35820
31246,26648,19398,18714,55131,54556,37211,36712,35658,28133,16475,24560,24165,20299,10033,17726
49604,25122,35537,39927,26186,14287,13638,22153,48187,30544,36441,33868,53737,20137,32306,42877
45276,57237,61519,49017,31397,42854,46649,41695,37437,65234,68664,59113,44245,61239,67404,48370
31201,44453,38241,43277,41476,48361,38694,54841,23351,31749,18271,21701,35549,41025,36557,56001
48832,46413,37736,28538,72426,65142,59262,41759,48256,51182,38727,31029,60683,55293,52728,36083
80860,50504,63625,69939,38057,28548,28685,31948,37944,10308,25694,23318,55616,33726,37224,36707
57730,44331,27800,30964,36385,44986,33956,29473,42071,37715,35425,33768,41175,28908,36203,28300
45571,36485,21981,23901,59075,60892,39739,42144,35550,37253,25093,29953,50870,48238,33860,37918
49099,49292,56281,51118,51477,41612,45259,45667,47598,26896,32731,34343,42363,33812,37347,35344
20395,38897,37816,28037,21332,56124,51003,47609,28476,65965,51773,55246,34120,83856,67736,70508
71698,59735,71763,56191,58556,36717,64598,42972,60917,34361,56030,37403,54503,38286,63613,33642
36513,41091,54204,56927,24481,25910,44284,39661,57568,59979,66609,79721,48739,49893,55929,71410
43945,41998,39717,27479,47762,39836,41534,23661,46153,51721,41949,36088,33800,35901,26623,23352
41668,46841,55240,50959,43690,51760,73610,64729,21602,20018,44629,34994,30259,38424,58651,51834
17657,65497,42659,61910,25730,63885,30952,58079,24494,58123,25435,46873,22075,55231,25615,39798
40091,67946,52276,55134,33432,57122,31710,43273,38005,57649,30130,38515,29307,57129,30669,42968
29872,48931,47906,42358,25943,37221,30896,47066,23878,50525,46483,39658,35012,64635,55599,66070
27427,57235,43247,41013,26365,54605,45556,32081,27389,55738,46439,42835,22070,47112,43405,31750
35249,51772,52904,51873,25094,33309,48297,39293,27599,35614,55700,43175,39845,51945,53408,53245
50017,58173,44233,40376,36558,39750,26712,34428,32416,50434,33427,38110,49460,49480,21481,48494
26443,15630,21879,41261,23119,17847,22452,33199,26080,24345,23172,33714,20959,27873,33698,41214
37461,39151,39715,27488,58449,76249,67494,55836,43212,46998,49708,23820,44110,41965,48976,23935
46680,53003,39551,42393,52803,65364,38471,52131,61023,64899,46253,55515,50661,52918,27312,48202
45190,42458,51087,44178,49587,31577,32631,39576,30030,36049,32350,27748,38937,38773,43345,26459
26561,22294,35521,24999,40034,34212,56818,45074,38151,32815,43524,34842,40036,39363,46865,26460
36670,41977,34876,26279,47430,34526,42117,30070,43999,42873,34300,27920,42250,28035,44589,30438
38512,45876,46034,32485,37870,39209,54503,24279,34258,47789,50441,24697,33296,39368,46678,20044
20394,12190,27537,21098,31240,29720,29546,40717,44434,33589,46544,50184,29423,25621,25699,32724
60873,38933,42888,25609,72247,45522,67054,52519,54336,35586,49785,35728,41457,24815,32306,28206
36036,31247,44426,45613,38564,48228,30629,49020,28586,44711,42186,64112,28917,42675,38136,62432
50039,40746,33961,39983,37695,34148,33320,25729,32334,26831,25547,27044,53329,48975,39540,42105
32168,46991,44763,47846,17501,33021,42857,45044,23469,38563,45754,45216,27505,35130,35347,34583
56463,49524,29007,34522,54149,46373,27514,36775,42660,47358,15833,30581,53065,54592,20096,45183
52134,55307,38031,54681,52787,49136,21255,46752,28374,34503,20174,33547,66353,53481,29209,55360
40140,34834,56056,57596,76560,56163,73460,78385,62110,46967,52155,59507,28726,17002,31911,32344
38492,50917,57848,35333,42092,70276,72065,51359,44501,57596,68948,44920,33317,66153,57867,40137
22265,33586,37219,35785,24083,32387,41687,30807,22297,34632,42966,42930,33983,51065,54331,41769
60382,50746,50053,53226,58341,52251,60660,46699,31125,27793,25822,33478,36315,26736,37144,35156
59495,39422,36885,52036,49050,18680,34143,40397,48567,14451,41157,31164,54497,23571,39094,46419
62325,34083,35439,39652,49291,28738,42585,32856,34055,23995,38353,44172,51703,35952,40074,37965
57566,34874,40927,50923,46083,41383,39952,52304,45815,29821,34500,33737,46006,27939,39760,42542
42084,51664,59488,55617,20988,30893,49441,36032,29811,30314,32395,32180,29788,42266,51227,50013
37183,34399,25126,30700,41974,35909,41908,39277,62953,53386,60343,55681,51281,52204,44079,37005
56878,37030,52753,20102,30058,19989,17880,15062,42989,19801,27892,10663,38075,19431,29859,19072
66339,59336,55771,36965,47888,41658,41033,30908,45811,47756,44618,33702,30421,33789,34482,29634
39379,55963,32608,48407,20356,31550,30570,31662,37886,61901,35909,54335,23239,32154,34026,44392
36499,41375,29502,27134,26070,49394,27640,36531,37567,61156,35923,38850,22892,43641,29126,20217
39228,44127,44507,44774,38854,39550,31975,39251,40552,42333,52458,50572,25770,19808,16607,25351
55563,35709,66579,44580,42863,26219,51234,39417,18839,8285,32265,21414,31441,15399,49953,40512
33547,31730,39759,47917,19452,26872,28985,31748,40553,38232,42818,39245,32876,31158,40424,34976
24175,48076,27833,27063,34098,59218,28385,46520,31334,54432,22457,37399,35677,71975,32774,37912
42413,34528,42615,64359,46451,23428,43395,54170,35414,27599,39427,51009,42190,24831,35696,49754
25139,26022,23355,30782,37877,39335,41169,35260,49201,46558,54301,53866,44262,41378,49348,46761
42222,39408,28675,39548,49379,47308,32642,47148,46178,47899,30461,47842,31164,28657,16691,31528
39558,28858,54764,20656,37262,41495,59062,22770,51841,39138,62166,25492,38818,40125,56423,23995
30220,51224,19705,40933,44808,71063,28565,56916,23973,30613,20418,32022,25941,32047,23419,35589
33073,45701,58351,51409,24688,42248,41246,33537,23941,40407,52069,38753,26495,47435,48151,35053
30856,25753,32284,40543,27455,22328,36558,33356,25629,21406,32771,31067,29605,23120,34861,37969
30376,38831,25835,12633,49432,41789,47733,32445,54279,41505,45099,29706,56251,52628,53708,34423
71832,79361,50958,49217,41219,48976,35201,28487,56675,59752,41907,36479,37693,32121,27105,26743
38468,35789,53234,36483,27856,18978,25666,25687,39677,27901,38880,27118,35608,47051,49678,35226
57712,29601,49470,46571,47535,28417,43663,28294,71680,58463,68919,53853,69488,55932,62621,57271
34533,30091,25867,31089,33929,40138,30870,40155,44861,48607,56653,47836,37838,19236,35697,32663
45018,56378,32567,61845,26948,38029,18366,39263,24673,34918,23372,47245,37419,53539,21791,46342
27467,41931,32445,49908,39365,43735,32755,46870,27596,25758,23320,30616,31002,31291,35493,43596
49736,51806,64009,38256,28559,33489,34528,15729,34009,38042,37624,26226,24167,26407,47258,18443
32983,50602,45171,32285,18111,38648,49383,35328,23927,44652,47829,44333,10772,31023,28014,25420
39982,56487,48582,57218,64788,85919,51294,84465,37794,53627,17761,48854,50772,64605,44387,58751
21191,34084,32282,46996,23223,34984,28218,46700,15535,33200,24790,39707,10527,30368,18610,33547
28633,28227,46367,22410,31927,44630,43547,19878,29102,51545,48258,27158,15999,26997,32385,14519
29767,25118,27428,17003,62259,63145,67431,40796,49410,62498,61349,38956,47853,42107,46083,28821
37520,54644,33024,36418,25871,36548,21677,22767,36222,63387,42625,23142,48404,54255,32496,39173
62802,49644,33324,22235,31176,28405,18574,21020,59740,52244,31304,27677,60733,42915,37132,27137
58183,59569,36797,52840,13720,33279,25020,42100,52290,69228,50095,77635,24843,32596,24838,32302
47037,47290,43422,55253,41469,39891,31883,45085,35990,50748,44706,59133,48696,40715,54337,52430
33220,51836,37011,29727,34416,70516,32360,30549,24891,46155,25626,20083,35378,64794,42410,29302
25653,59072,27075,47286,36593,69315,38609,64701,26762,58349,30514,50808,20683,61330,26390,46566
42618,47573,61157,54358,22687,33391,44628,39080,29561,39326,46574,50566,25662,29785,39164,35240
41937,59478,41833,53948,31216,48572,38597,52545,30942,41567,33472,32754,39519,49684,46016,59418
61749,44086,30151,51304,38152,23949,6897,25174,75349,50322,23076,53768,54278,52020,27966,53510
27731,24170,14904,25365,40839,31196,29059,37239,39766,42760,35359,31447,43448,28105,30803,32130
33889,40779,72158,64054,27944,34462,61821,53607,28725,38240,45357,43470,40193,39636,70787,60804
32489,56437,52970,29749,30939,36299,23271,18038,50063,51193,41934,35543,35061,53906,38228,27688
12120,29750,20784,25341,23614,45279,31079,36818,22001,37473,23321,39976,27629,45697,29136,54321
34215,22250,36349,29066,56108,22300,50379,44019,66093,44494,73990,50619,36254,22489,36169,35341
50921,49574,62707,57630,52837,49967,47668,49703,43608,40160,52852,51282,60179,62330,38353,46430
44061,60938,47267,57273,43245,53988,44903,53058,33477,59013,30923,40373,46271,59790,49024,65397
40089,31787,53007,39849,29088,40382,40904,33456,25777,31129,37170,35946,38369,46522,71094,47852
57620,45165,63518,57773,51341,37426,56367,45713,48293,42897,51591,47619,48045,41437,55973,45433
20829,41197,36574,34441,42532,42950,37400,50177,43645,45135,40129,45723,29484,39046,40356,37777
23304,36289,37511,41217,50988,52067,48770,54017,28109,35707,35134,34720,32249,26817,28368,33452
25808,29825,20955,29456,49373,46919,37427,43965,43188,49452,39451,46514,48831,43521,40162,40810
69103,58019,56136,45591,42131,36441,32545,25428,42849,34525,38011,27116,49404,32456,47480,35417
47087,44360,48568,58912,42376,51174,39843,47497,35056,39718,31240,32157,64481,53108,55205,71517
29648,19767,36598,18160,37990,26716,30077,28486,44741,49277,46890,27767,43402,35102,43597,31604
26215,55754,49945,47311,36095,84788,70345,66303,13897,36842,41914,34343,11809,40375,41609,30383
41040,32050,34403,50394,46903,39643,52408,61842,60967,43189,50602,70272,35434,24570,27618,50697
27916,42035,52522,28749,11643,26790,30037,28317,37571,39190,69533,45038,39517,34785,63022,35699
39782,61979,54899,47540,38750,63320,55249,59370,25986,40063,40887,40091,38277,42449,38854,36701
37610,52703,32945,50990,19397,53420,23573,48855,40266,54344,38739,49906,53055,67293,42511,60963
34689,37211,30787,14412,47775,45708,51316,19425,55626,62502,61611,27281,36280,38340,39598,12216
18131,32974,40154,28146,21988,20807,39580,29303,33841,35098,49952,34627,25647,51694,51977,35792
42262,59881,33253,24352,30670,33320,27511,13470,47750,66112,36888,27327,47130,53657,31947,24669
15836,28922,31006,15493,27424,46788,40745,22205,31810,44644,45166,31300,30581,42074,39688,28351
26543,30239,15972,34888,26800,23243,24839,36040,30941,42052,42339,34994,37420,42866,33819,51032
43678,41234,45834,38779,46063,47537,60292,45206,25340,35507,34335,27008,26720,38181,35740,40938
35226,27876,21257,20782,40717,38229,18502,28156,53189,41838,24835,34453,42428,41341,24135,28375
58385,48108,49560,35058,38545,28170,30269,24776,66189,57557,59251,35325,68913,53851,60564,41111
31480,43880,63601,42361,15079,32851,29576,18719,32273,41273,60911,32596,26006,28224,40843,26162
13539,24593,34862,34133,23415,32093,58031,52839,15701,31178,55719,53808,29560,51629,72001,75607
41999,30053,38700,43077,47252,32578,39839,40135,60802,59715,58566,50523,51643,40106,42738,43836
38199,27521,27163,25971,45391,16897,28491,26547,56091,36474,35037,37765,61669,33994,38817,42550
30636,41351,38154,39353,33017,32486,40958,43239,39347,29087,38268,41699,47527,50255,49888,55929
48949,32828,53000,41736,51895,32412,50951,45220,65486,48324,76940,49446,35826,24365,38315,24840
48461,60093,29409,54277,43972,36731,28169,36299,39531,44987,20751,48471,49421,50089,21184,49238
39050,19117,29889,55939,26684,22112,27435,39275,39321,31145,31044,52393,40511,38318,36384,41853
37581,34792,30204,43275,34130,38962,42878,49213,52391,51582,43773,62393,38038,30480,32791,38199
23611,30537,24957,23016,23409,29958,33082,23488,27593,33887,26167,21544,30091,32982,25331,23110
36123,29889,19437,27039,53191,52229,33498,70125,43254,52543,32020,51894,38539,32723,40033,45236
56152,37950,26740,44307,56342,42545,33473,43915,56588,41801,34320,38325,35564,21239,26941,24290
38224,48883,55197,49989,32320,38336,32217,35974,44521,54109,48405,51199,24156,18536,23784,21081
49663,55673,45927,48469,44456,55446,34306,35463,32675,40131,27745,28588,45848,49876,43048,35221
45922,30269,37772,35608,47538,32456,23528,20962,54110,43153,35782,21181,34740,33772,27259,28541
53210,29197,32951,47402,38165,15812,22492,23284,61386,41465,27535,38646,47077,36190,22570,36403
20152,38314,37797,36095,16066,36632,28824,27416,31897,66189,59447,55846,28923,56733,52015,52006
29646,42359,26858,31573,42179,59319,42599,42717,39503,71359,41218,44009,24074,47534,28627,41812
32359,34806,27610,39845,39559,40708,26581,58139,39617,45499,37111,67880,46910,45115,41139,55323
24169,16554,15662,25336,32529,12429,15368,20510,49841,25867,23115,34614,38501,15441,15602,35205
17531,27111,24922,23162,20577,38921,32343,28440,22922,55818,31424,26184,28698,60494,43318,38863
78804,56194,48748,56393,34336,26221,18419,30426,60207,56512,43511,51559,70320,55265,43542,54240
40703,28051,40797,39527,71983,50755,55851,54516,59188,40450,52473,44720,49675,30841,35281,32184
33766,78939,65981,72467,28446,48354,37510,42799,17019,50138,35851,58838,21100,46787,44600,57120
53504,32745,46149,59777,52957,45522,45164,62329,31409,14973,31328,30475,44437,37414,35985,50423
49013,63811,37214,36455,39022,54544,39375,35149,34732,48393,34671,33921,41909,66402,47018,34366
57514,61258,65452,45630,48172,59316,62471,42113,52296,52443,54335,48169,37212,41831,47318,41903
49484,23891,35056,30258,74500,39310,47339,45924,54015,28753,31021,31739,46990,22169,46359,38247
28405,26891,36107,23114,45030,39700,68845,60025,36357,37502,53968,42312,48418,43731,64820,55654
16187,56675,36631,25548,15213,47253,39642,16538,19904,44123,43041,12394,30003,67418,53833,37142
53302,40756,43324,38964,53111,49069,46485,45092,37598,37980,35538,42244,47676,41385,52405,52907
30607,25170,46728,24223,37687,33229,55105,35333,42152,33911,67253,42490,36181,34742,62961,27863
33232,36266,47244,63927,36729,41535,51143,72139,41373,46833,46547,62465,34254,45850,50293,58818
19496,29209,37805,29462,43293,37872,39634,39878,18561,20039,22299,27210,30765,31883,32764,34157
15729,23181,34707,39311,9486,19208,26712,23654,32669,30529,59486,56828,28507,19979,52579,49906
38783,54814,54563,27496,43189,58037,55850,24681,39155,51531,54155,30351,29968,38535,38047,22874
1868,20188,16524,19474,4897,34038,31775,22757,5244,44503,48538,39125,17273,56387,50970,43759
47457,69770,71558,65644,37891,50970,49720,39738,26261,35957,40069,36731,42246,57538,59738,57105
45969,42350,29021,53613,47568,47724,31630,67995,40981,32549,27483,49199,72478,65883,49050,86471
40713,45394,40856,51786,43645,43603,41505,65608,30305,41232,31674,55058,35157,27157,32032,39934
53031,66110,71832,47887,51135,63674,71851,44174,25063,38049,39933,29158,34207,57396,62357,50685
47157,37753,57652,33350,33370,44763,23230,21914,52858,44840,43277,24372,50010,47988,56936,39204
37174,44076,44419,44454,20878,22480,20316,30013,39131,38450,46702,43345,25269,24693,22138,26879
52431,30349,35354,30598,60347,32700,38286,32632,67543,32159,43891,37124,81144,49854,56934,52993
26860,34455,18413,20213,46219,49875,30223,40512,22949,29953,20328,19818,36333,38026,28557,29703
44797,59568,39533,34640,48415,76362,59296,40736,49265,53549,37049,39500,44674,57932,21992,35386
55950,43675,77185,67647,47546,39283,56143,68780,49347,43622,58462,58685,44759,34219,60744,47429
42669,59835,56150,45179,34681,36340,31500,23906,39298,46115,39924,35773,29740,35148,30892,16026
49818,63820,54122,62835,34986,44872,40194,44132,18422,33636,26421,30874,42415,43731,33645,43202
38241,41531,41453,43727,23037,33490,31115,27751,49036,53976,49385,52433,31543,37110,30880,37474
42347,45648,19851,35726,23803,26154,14995,24223,40040,37419,24033,41354,56197,52858,32590,52760
25638,61541,32937,59658,11188,38873,28016,36032,13119,33709,19371,37096,21743,45810,32496,42909
64949,40628,54602,57320,41019,35616,42464,42704,58294,39013,44466,49813,49012,40975,43580,31923
41402,57567,55997,40529,36763,57555,56654,49643,37409,48284,47083,35795,45057,67525,64508,55125
29793,34893,33144,34835,17355,31316,23637,34135,21623,19908,18863,17737,20650,34924,40099,48862
66458,66108,44054,68869,58107,50254,38957,63810,63252,49741,37315,63438,36124,46235,24279,45871
36143,47789,51370,58397,40277,42125,56615,47929,37511,35092,55504,45313,27555,40983,68319,48819
36355,23061,35011,35667,55418,21867,38786,37861,50374,25362,44233,47435,66565,35305,46520,52058
28028,40345,41491,27716,30447,42463,44020,31500,37935,58821,69885,54450,43720,58822,59479,42195
52880,73397,58628,81067,59625,65693,51400,64175,39251,64675,50550,55154,41167,38641,35939,38858
22938,29227,24696,36146,51858,57292,47612,75767,40261,23639,29728,47083,57379,54880,48236,79926
23234,58724,54002,52121,26829,48179,61150,43782,32101,56762,61240,51802,22839,40579,46852,38567
39564,25225,35737,42303,26025,15429,26234,34226,48637,28673,52416,53784,36437,24764,40774,48228
31962,48666,59595,38186,29016,41428,45118,28981,32325,41221,55324,33798,18203,35753,37233,21271
41108,32383,38522,35009,27580,44079,41368,55974,45397,51529,49071,67529,17588,20465,17679,26820
28661,31895,23144,40614,17230,16900,14608,26967,44523,41975,35928,43603,28743,30476,24894,44443
52053,56669,41890,31027,49851,46646,38204,24833,40132,30071,30728,17249,33392,36717,24834,16849
36503,13028,30290,39512,32564,22142,28880,46303,48859,18034,37105,53389,47396,23823,41299,55402
18195,44059,52723,42247,26989,30157,48065,33579,43232,41159,54557,52649,29177,36961,41786,39304
17036,37076,37980,22901,38346,77279,62376,52176,28097,47452,41569,36238,30256,45645,54548,32326
45707,48699,37394,41498,49767,49081,41185,41218,39157,33777,30880,33759,72675,70985,58010,62590
27799,35970,22709,28543,47944,60069,38924,36287,45434,62598,38381,45137,35708,55925,28123,35355
28562,27700,31713,39921,25633,16413,23521,28219,27043,22616,21596,24189,16088,15365,17085,13718
18195,29299,30562,22278,39398,37773,48882,32015,29773,36446,30035,37923,20219,23879,24914,17907
59107,35272,39594,48770,55052,31190,33918,46128,27885,12208,18513,29031,45388,31708,26321,45383
45610,32506,41890,59425,42348,38164,41446,49884,42108,36511,58666,57789,44260,49535,60597,63821
29676,42336,40185,45094,25261,39826,27453,31970,28289,48470,33657,39902,14148,32193,24367,22607
32585,26293,32237,22263,38477,26374,26495,23680,50341,38015,57831,60342,43930,39756,46496,39038
62508,43509,45146,48742,68641,45424,42127,46962,75715,54348,54661,59979,72808,44214,41441,34788
42960,28013,51702,29196,41742,24909,46267,26078,55487,37162,55668,37294,40006,31080,39869,42527
57592,32852,39214,41123,24527,22843,25584,18072,37568,36903,35382,36007,24825,32861,29918,39520
64379,41528,42320,39972,47415,17018,28536,41244,64193,35466,41864,30829,61322,40498,43082,43743
73102,55563,52387,68736,49378,36709,37761,42128,51282,38091,44112,42974,64596,44253,45038,61811
37684,22944,43215,37348,42592,35958,45097,42537,38411,25253,36420,39119,43697,32422,40625,35638
13418,17727,26892,31128,19124,23257,39410,34061,18647,19734,33520,37172,21537,17447,44260,43856
58631,35972,44355,55395,38611,32346,42676,39644,35709,25732,32375,35598,31372,27696,37452,37298
47135,41952,24829,42695,61379,57195,48459,51664,35557,27688,22486,25269,36742,24053,33311,41142
22943,18504,55937,59098,19795,8815,42118,36672,22721,15845,53087,49960,18350,10971,41698,45638
30836,26396,14176,39041,41269,49943,46125,65653,42657,39956,22216,51925,55505,47530,28642,68219
46230,57807,35046,39979,38890,38668,19052,24925,50505,59731,36219,44800,27365,36425,21276,25949
27918,40297,26311,30937,30014,32732,32056,28501,49970,55134,42997,40145,21701,21474,16738,16717
40406,39690,51863,38299,37358,33932,45419,31551,29838,41395,38185,31272,27135,24336,22559,27249
27452,34081,44540,49040,31156,45215,64405,64130,32205,32297,43143,48825,27377,26892,35049,43802
18989,17741,9051,10009,38419,24163,26703,22794,15035,15644,11698,15382,21775,31323,25683,28479
44481,48835,25054,55633,25880,31749,13776,29872,50927,52522,46731,69501,44123,43281,34013,54734
63831,88080,38613,43932,66054,84450,34839,43488,61601,74002,27988,41392,57091,76058,30448,29652
31953,57089,48230,49840,34009,38469,38290,35016,35227,60877,45584,43384,34581,57720,42781,48513
33329,62625,41714,43385,26707,57479,44322,34901,31257,51897,43617,34472,28471,55180,46526,40048
56071,43472,32565,39939,78578,59825,41612,39093,71086,53878,45470,42842,35963,22987,17041,28659
46476,35320,58300,42802,70852,64661,90050,82289,47851,47224,61125,61461,52356,37337,62523,48465
29724,37313,32959,41448,28845,57066,25531,45125,33562,46028,31544,40958,32914,48131,30594,47446
36810,42574,37117,45660,27299,44560,48072,53113,32613,56384,49745,62569,22896,54494,44874,61517
39214,38154,46475,48591,17238,23082,16289,24433,21371,24443,26481,23378,34267,43412,32201,45090
41568,42507,39052,61222,40954,43248,30901,46713,46236,50811,39716,47890,32415,27419,26789,32062
43659,34131,42747,46187,37748,34007,47306,42151,41532,33350,56718,54756,19867,20993,38794,30333
54659,44531,44554,47219,49629,45159,39949,34877,38210,35597,35332,34219,44594,42174,46664,29104
35665,42759,45540,38243,28455,25482,43412,20699,44577,33504,53408,27105,30265,42575,36036,32578
27157,60171,31802,37099,28700,71792,34017,41641,28900,59610,36222,32520,41218,77756,46814,40993
31353,36854,45340,14954,48087,51144,67557,29589,28280,41995,42654,20894,41957,41889,63307,30185
65041,50834,62544,35142,29101,28076,22931,13116,58165,45919,63988,32487,57151,52069,50257,37444
37386,30727,35805,55253,33464,27691,45068,54653,20305,20294,29091,40223,41503,37105,48651,61741
37843,33876,28546,45621,27572,32153,25904,38247,27723,25566,18418,35337,32352,36819,31269,51449
41674,35185,37783,53078,39222,35467,35890,53565,46435,41128,37447,57855,54215,47428,45564,67162
48648,53411,67729,61229,39935,33755,41529,43134,45853,46577,50629,42266,43630,45269,36523,45948
24061,48468,25508,32397,22569,35925,26476,26770,34670,59914,35021,37442,28390,40288,34340,21222
36661,28191,27272,37731,23034,14843,16482,26666,52795,63291,50953,53420,43496,46504,50793,48502
28778,32416,40116,58182,29097,36355,52120,58534,18172,20741,34520,34142,23055,21262,32836,35489
36997,38428,32207,39341,28224,44550,36601,37995,19583,37343,37381,34361,23288,29883,43342,31664
44657,37896,46471,44992,49269,29985,35876,37734,32030,31457,28854,30951,57751,48699,42272,53685
35066,35878,33731,39335,40892,35287,31568,38061,44456,34415,39766,35784,38912,37086,47103,47382
51507,64382,58563,74027,34376,46308,39664,53253,38678,37741,29161,36704,55866,48597,41814,57129
48960,47438,42586,35966,37455,38522,28969,32876,41080,42290,26806,36376,31412,34425,30184,27939
41766,38699,40880,45558,35213,22020,23868,47643,28518,44632,40585,44599,39368,19506,29950,49241
39604,51781,41899,31235,26410,46943,33322,30840,26160,43910,40701,38620,39884,50703,35888,31238
22901,43696,56116,24414,22017,45823,43056,28060,12755,38634,36386,25995,21784,28512,41328,35417
35840,50813,35486,29888,21708,25104,17254,23353,23487,32533,29150,29358,27781,41857,32080,16625
58033,48402,63869,65831,49544,44587,65361,55431,29635,31897,35956,16852,35380,36702,52693,47130
27492,33234,63369,42418,39925,36989,71420,48220,51371,47497,95009,59514,52689,47685,89150,53204
19875,42928,28475,18817,43671,61702,53961,42355,62320,62196,35295,48005,32278,47558,25668,24029
68593,20549,62179,42445,50003,18737,53414,35933,48990,15196,51432,22399,26342,10572,28182,17588
26162,30425,38523,38772,15322,44602,52944,38239,20052,27447,37138,36249,21149,43780,47194,38185
48267,35503,47245,49125,53118,50146,55518,66938,60153,47737,61138,79925,40115,50196,57865,65062
67771,85306,56368,61230,51715,65899,39762,44038,43515,49920,42220,43651,42207,50682,25321,26970
16038,42947,20668,32715,13197,47350,19750,43257,17044,42405,20112,29869,9071,30569,14916,30483
25149,33143,23914,54993,21986,45726,28314,68852,17048,28716,21962,48806,20842,34486,30113,57623
21773,27334,38353,43831,36742,48083,56467,57402,35937,63526,66110,75606,28830,47728,50594,56303
26511,19568,22201,40498,41982,42898,33224,48379,42617,40850,34884,42525,49664,38196,44998,50019
65108,33989,29309,47579,50337,17401,17459,24198,42975,24014,21253,32528,57391,26286,22957,37663
51490,48867,40051,40019,36426,30451,29187,33808,74024,51370,51211,51308,52231,35845,53294,44100
43507,44488,15616,28013,30151,19357,11305,19434,55404,51388,21702,26142,54836,38510,19189,30393
12271,14566,23487,32002,33259,41507,38910,53806,49745,56039,53837,55968,20742,19425,26628,42125
51090,49574,42135,48157,47370,47919,34087,48573,24333,32987,23320,27291,60333,64236,53368,41237
38878,44306,25233,39826,59532,62171,50136,47748,47721,54618,50111,43651,29668,30588,33353,29824
66118,49757,65590,66405,54691,50327,52311,57975,43200,26861,49802,47391,48563,43903,48611,47983
72146,57920,76004,34891,51324,35417,55951,30131,57097,59157,65359,36169,45072,21950,45362,19430
34624,44420,44064,50185,21028,19364,30910,38749,32553,29803,41028,40493,34156,33342,59481,60604
36854,55969,38452,51064,26538,62537,30920,37145,26506,61422,38667,38748,26296,48233,20890,32199
32589,42685,39757,24280,62591,55168,62623,39053,43139,40237,51986,36272,40869,30717,36766,26776
40918,48482,26338,30517,60843,64262,49978,50245,58936,68872,37494,48579,55435,67698,37600,35492
48369,37040,53873,42287,47595,42880,46094,50318,56964,44153,53625,49532,48346,35485,57097,37520
50603,36632,41529,49818,40443,31012,38833,34957,25449,19087,15842,30043,40716,35464,41736,42971
48969,33056,40199,41000,51955,41026,39903,50018,54565,48826,39901,60325,47690,37992,44254,42100
67530,57828,80625,69958,44239,40709,54869,51141,55940,55595,73927,63091,42721,45827,66675,62244
71704,49609,42392,49367,48558,44758,34681,39874,43706,25788,21940,27348,53135,42742,28716,36556
65348,74919,69505,43411,66900,80927,74289,47869,36460,46586,39369,26377,61230,65209,64548,41284
53720,53803,69700,57553,34411,39430,52772,39046,41875,44593,63076,54640,43720,48386,68119,54563
37719,39727,39430,38417,38664,49203,31966,37996,30931,35943,31134,38776,32199,32738,41946,38874
42016,53579,47370,61124,31699,35167,30165,30709,25478,35393,30243,34436,34294,36580,40634,44431
35246,23271,34451,30614,38409,35027,40959,23005,61200,47786,49322,42114,50551,45318,54160,31145
35408,49409,19322,45789,40157,38484,38698,38322,23131,33423,17105,28153,26897,46968,21490,31616
52809,60377,53286,70743,41778,45227,47153,51416,38813,41570,42677,49542,63987,62830,62119,73595
31623,47442,44088,33748,26211,42125,37940,43467,32750,57156,35245,54790,36219,47268,45368,47605
20208,25910,26346,23741,32555,36424,43871,45144,35023,36282,44836,38982,19543,26317,33409,24494
44585,51866,49755,36207,47525,56138,51126,35562,41554,52658,37953,27724,21451,29203,18025,13517
29586,27922,38541,37643,34689,39701,48491,52678,30877,19780,36613,28723,44834,38079,59315,51696
28797,26461,23828,26543,61720,42745,53644,41479,46126,37001,36942,31494,60138,31953,45192,34306
55699,33620,33823,26259,44659,29507,33885,36073,61538,51002,56210,41313,75670,42826,59290,52515
10372,12560,21975,18598,25678,38606,41671,67926,30780,43816,52708,64236,31213,36063,58122,50440
43532,36200,43063,66793,37427,32561,59324,62285,22651,24572,40928,50728,33102,40022,53504,76422
64166,53523,46662,47857,46466,49772,32901,35131,56015,51775,39159,30687,43680,35439,30979,29946
43614,32500,49826,30860,49421,29536,35076,51909,60016,35313,54087,58139,49172,27169,54532,49963
36798,14366,24839,21907,49502,35898,49930,47475,43914,31256,51237,31745,43743,28644,44641,32646
50245,33565,27723,32266,58268,43499,37572,41964,48304,36573,25212,27903,52996,30784,30359,38301
37679,48412,42678,56099,33792,42680,32765,38798,32839,32047,29010,41220,40925,38004,37988,56483
30668,20089,29690,22535,54996,41459,42685,43155,38936,46036,62572,34806,52082,52300,66832,48478
48755,44006,36173,36009,70660,70433,58357,40775,76366,74530,64081,59270,56797,54158,49294,48417
38473,38797,29465,39664,56964,45872,28809,50808,55506,60685,34440,56158,54684,41038,27332,44494
29738,35393,32013,52485,40274,43325,44325,57377,44669,32981,40960,53165,44768,45502,53371,64552
30317,46703,53522,44040,36781,45414,51563,41734,39211,35843,34417,32676,27187,31870,33011,24412
33587,33895,40096,33293,27249,35863,44345,27623,32121,31563,38419,27459,49769,39982,44057,43377
32768,43502,28163,27023,48670,66996,38885,53361,46960,52374,35928,47202,39360,41036,29411,29655
51055,46880,44081,29297,33790,32600,32252,31694,35007,44885,47095,34678,42251,45548,44138,30447
33278,47141,46874,38238,27895,45344,52137,40554,33563,67641,57908,51433,28991,47697,56464,36263
42489,48407,39362,39957,43310,60317,43097,43793,68569,63317,54703,63532,43942,55660,46454,49140
26920,42595,31429,46164,25762,34221,21417,27315,31575,39691,29336,39958,17257,42098,39919,43279
37356,58596,53001,50954,61525,70254,60156,51927,32294,38397,38986,32305,37803,47514,29763,26242
30295,23681,54101,51470,39906,23594,63534,64319,39017,36541,56364,51615,35006,18777,59953,55225
45498,43087,49256,33009,16848,13425,23107,12532,18572,27694,29470,21926,42441,32116,49144,33605
43346,32435,49021,45615,47922,49236,59805,51451,49732,52411,75810,61885,35297,34962,59594,44859
34389,58315,34851,34622,33517,38276,28768,29566,48389,66624,37768,41492,36970,66823,31507,37482
33243,44577,35281,46793,31022,40940,36113,39646,33803,40957,45620,50039,46269,42924,50721,55507
30869,27050,29574,26273,21140,34513,22233,22949,33797,43704,46901,26862,34795,31177,35618,19245
20829,32990,56168,34817,39419,34074,65451,33546,33971,29844,53775,31991,15941,35737,59617,29768
48771,38212,41501,30771,59027,37598,52236,34282,32197,11427,22289,28439,29019,30918,28340,21056
41413,61083,40953,73111,45371,59923,33460,61003,47706,64219,38290,62315,46657,56317,42922,63185
52228,48439,58906,69940,56220,50315,59875,68393,48380,34511,48332,68335,44097,30607,49667,67327
61646,41341,54498,34604,55843,33089,41343,23554,59085,44488,56393,27540,59628,32631,49320,25838
40810,50548,37749,59619,45779,52335,35962,43849,21071,24096,12140,28280,20331,28757,26209,31356
35176,31231,25096,49165,31452,40509,23999,34983,18710,20745,11519,34153,44811,50975,36196,52743
37522,28560,44248,25271,72824,59226,65441,53933,58271,48401,49470,44820,39834,28985,38686,24709
31059,34360,32581,20610,24150,31286,34806,20034,21642,33541,29301,25341,14138,28578,36015,22355
53515,43194,51866,28564,55704,47295,39856,37058,51999,49998,39824,42532,54054,40002,45714,41040
32170,21945,28882,54161,24008,32050,22079,30640,35929,30381,31846,40213,41004,34172,43272,52693
40648,44556,30027,34269,58650,53555,46645,46238,61738,54563,53468,49207,62621,42980,42102,34495
35596,35968,15540,33691,40335,45522,24470,33349,70170,88107,52159,62654,54029,65000,34699,41955
29822,51955,56535,56922,21846,39240,41718,35518,27909,29138,35149,33541,37257,54619,50930,46518
47768,49777,47055,53627,35792,37501,40593,37568,30917,35123,41063,34929,46030,53583,50786,52212
34773,34437,18925,30505,17933,20806,13007,34827,33330,35149,15920,31745,35805,38413,19086,40267
61682,52267,38850,49548,36473,31389,18969,31470,45890,45499,36315,36589,36837,35703,30954,28142
25605,30379,28823,44278,49053,46249,46024,60674,20204,18563,16043,24675,26013,21654,26788,32024
66276,66068,47948,41850,42109,54650,32713,33162,27780,38212,14625,29403,32039,40361,18920,29675
50280,65138,68034,51677,24015,33618,38308,37781,38332,62050,58289,39181,29089,39297,38252,36613
49278,54443,37607,43003,38432,46690,25322,34007,30634,45157,31763,39176,58675,74789,51159,33448
40726,47287,58666,33952,31432,37356,47748,27780,24088,32955,41312,14043,33178,48723,68787,25702
38563,35334,40739,52363,38335,44358,36678,44411,30049,36543,29796,51176,30582,29809,25962,33810
49147,35985,21552,44137,53022,42970,30348,53054,47797,34589,38640,53287,50508,38745,28632,36280
42571,63210,41515,47734,32805,37356,35511,29483,51170,58508,42215,44180,55305,39664,53490,25832
26519,49289,38016,42214,22909,44768,36530,38552,30411,48856,27674,43811,35441,57619,48180,50096
38050,45007,50763,30111,43638,48581,62895,37907,50978,57811,65725,39257,25281,38676,40508,22326
16027,39009,57831,48168,23965,33496,55373,40324,24506,42196,62063,47318,23857,40343,75590,58117
36366,47122,38173,57484,62214,59077,46393,89106,31479,27205,19962,38925,52895,58756,47911,75568
43175,21495,47562,35081,42307,18209,60382,42790,46083,15268,62710,41534,36856,20365,46761,36132
53403,48259,28751,47278,27477,46325,26155,27448,25090,29098,24847,30421,39243,37965,24026,37696
48409,28945,24967,33593,36566,28143,18343,33152,39084,29235,17571,29701,53580,28603,28573,32931
63786,53735,44180,53875,59903,53123,42766,62364,37685,28272,22478,30021,37021,36130,26865,41528
44702,46892,34267,51805,45897,44222,49625,53269,50438,46061,51983,48921,41368,44008,43376,41009
21462,22946,15342,22612,38625,29225,40061,21935,41221,31844,39483,41315,37932,31600,36631,30179
32636,56650,45052,16405,40327,52645,47255,27040,39073,44733,39351,18481,29708,33935,28248,24232
41775,65085,39965,40839,34193,52315,33113,32831,41117,55820,32520,37865,23803,40976,17808,24142
69873,56488,74199,38791,73699,71176,75356,52430,70508,63357,66823,36140,62567,63488,58889,40453
41528,50791,21028,27162,55356,62842,30732,43651,59577,64396,35458,41739,45353,59091,37314,45056
23738,19724,12993,20767,59038,55575,42174,46547,35452,35212,32561,28609,42882,49491,34000,46275
30448,27246,26946,16608,40806,34290,38549,18276,43935,33677,35160,16596,47542,37810,48025,19202
36346,57928,41300,48201,31602,34560,36739,36535,37157,37489,38568,49594,29374,51741,46331,42183
19172,29499,27345,21439,42647,39834,55563,28098,46287,48573,59569,36504,36179,29889,62133,27850
65598,56538,70816,75667,42410,43981,38073,46625,44641,43532,49648,52616,46371,44952,43351,49931
30428,59125,56051,60443,26711,50101,52820,60916,28313,59880,57795,60610,29291,63163,66062,74443
31620,38469,31020,23088,35412,41287,43124,31313,29962,30557,35369,21814,39516,52229,44057,35038
44072,23087,27102,50083,51652,34229,25826,47538,55456,40681,36237,46382,51482,49546,25636,48735
27571,29278,35549,26574,32255,31355,43024,26540,36651,43626,47838,30460,40735,47097,55890,41913
63325,34646,50848,33089,24400,17132,17278,10814,28138,15466,27133,14450,61930,52818,51264,30918
40482,36858,42100,30789,39405,26027,36419,17686,49378,42146,52415,35114,58587,42469,53695,22956
30739,51094,44209,39573,22497,22068,31181,19872,42102,44449,63802,59377,40827,50070,66318,46867
24958,15188,22784,16832,48537,42403,54092,41661,41137,33999,37690,29371,36391,33323,37323,38202
35101,28587,23024,40623,45427,44830,33458,64383,34800,33536,25480,45070,54318,38214,35588,59345
27660,22120,18450,20983,34816,39234,37498,27666,38218,42402,38403,24344,42288,44312,39072,30212
54791,37438,44523,37769,63206,36279,65496,37969,43452,41063,39258,25062,25892,37709,32215,22122
25730,32126,47524,21017,26316,26061,40476,29254,13778,26411,42388,20334,35477,47179,55765,25360
42392,38954,52965,31025,34088,24870,35536,30959,48043,34946,55491,32572,38472,30757,37445,29589
27722,14205,23487,37227,52507,24110,50493,59511,40757,19110,51646,45220,34688,15744,25565,38784
52700,62032,49722,73813,35212,55332,30043,51125,63327,58881,54867,63016,47781,56403,50308,77718
69662,50405,40175,53881,66362,49295,39093,51815,72388,54078,45271,56656,51168,40721,36351,44529
42486,50445,29284,39860,31665,48449,28299,21103,50140,55147,24591,46195,48023,34632,25901,36232
41025,53494,46331,32214,30942,39457,37070,24859,25604,41148,33967,23992,37318,48066,48229,35184
28821,26749,38961,28812,45098,39792,59635,44000,23498,33253,44249,24839,25981,22396,30050,27136
47841,46034,12788,24585,59297,39823,28988,30296,53986,47932,23857,35782,54044,40421,31004,32433
24572,26164,25764,27104,41690,29775,32018,42610,32395,21520,28503,37684,40769,36386,45179,40125
44827,36214,46597,30006,41389,41432,50228,38882,49466,32828,55196,47149,36687,32212,34327,42154
52746,49887,64861,49074,34100,29161,49242,38717,33679,31294,37164,29587,27482,30393,43077,31488
22129,54117,51534,54702,6669,16961,15384,12978,30468,54414,56778,54206,18928,49864,42449,46438
23789,62041,44859,19726,24694,54219,29296,24902,48804,57072,42172,33417,40171,50705,37830,30758
42901,47369,72779,43647,54243,47056,51804,54289,35446,33175,59335,39370,36245,32502,41430,36426
48972,32938,27498,49714,46164,28294,24556,40923,47409,39399,33042,48100,66056,42787,43337,62228
21658,56033,50249,36203,26128,37580,49732,27986,17650,46821,46501,33525,32322,56772,64683,44171
38767,41810,49783,41899,52624,52740,34706,54094,48991,36002,50659,47235,26215,34196,22823,30511
29152,12700,22568,27688,63034,30901,53491,42666,44333,27365,43604,23529,40312,12519,26979,39856
14336,34026,37076,34034,26960,41722,23976,33415,8302,27372,27394,23719,12384,35219,37876,29721
25090,45339,35264,40034,49506,69690,58685,51451,43359,47970,60346,40351,27394,36071,29966,35541
66819,50977,51199,72815,55744,63035,47713,58790,47029,45215,33149,45988,55876,46954,40442,65661
36133,54289,53118,63774,28919,38320,46193,53414,28539,31667,57530,58360,37241,50030,63989,60693
42929,64179,39644,70429,35711,51900,35048,59360,33530,42735,23331,36896,35030,54773,35883,60591
29189,35242,19681,17031,32880,42949,21870,22940,37593,47638,26027,31509,31190,44154,23001,26513
43608,61648,65299,64789,33673,45475,51981,40285,26175,30117,40071,27614,23715,17503,28084,27017
46141,37780,38006,37388,46481,42765,43422,55827,69835,48531,57613,66028,40781,25854,37923,39247
43636,62487,59473,30503,26908,43376,45174,18981,42490,53271,46040,27387,32242,38258,32128,22086
34766,42249,27267,45173,57193,69167,43751,56940,34565,42743,26410,33818,33998,44324,26180,30104
13097,19937,20608,23216,17543,35837,23068,19561,27264,35176,28412,34409,30285,42789,31776,37919
41080,40114,20956,22270,49105,41632,28138,23444,52908,52491,26200,27566,60543,58188,35059,32520
35611,34442,26874,25172,35500,29022,23338,38544,42196,34972,25166,37130,38724,38135,31065,27935
35107,34676,32306,37506,45192,42948,17898,33976,42522,37288,30712,38843,32190,35549,14916,23477
67449,55871,40252,59186,47619,61476,35833,72927,41610,44020,27665,49156,62731,64287,37926,69189
61667,42306,48321,60663,42758,34577,47614,55895,50972,35169,41117,50635,55803,39334,57224,49129
35967,39253,43073,38401,27815,37465,48651,38469,41719,32576,38972,34584,45832,37750,51738,50146
52635,29149,36373,41203,60899,32418,45346,57426,56387,33460,40043,48161,59750,33223,25711,50545
40426,42106,35425,23214,46216,57282,48059,31220,46408,67987,51406,38147,30449,41188,30967,26448
44909,48134,52006,46583,38993,46325,48649,43843,44285,58245,56084,50901,31413,37039,31861,38815
68083,38314,40046,43713,58949,40028,39879,37421,44123,34702,26858,30767,51120,31347,39616,37605
53253,42358,61346,30826,60842,44123,68671,29313,62694,47847,63793,32876,46220,58211,59384,30837
18473,38493,20946,38827,33820,42765,17803,44917,14254,36787,17329,41945,27337,38603,32159,45430
42959,37854,27590,40241,28139,44059,22055,40184,30628,45362,16833,45041,20084,36288,13174,31834
41504,24103,28444,43596,36138,24245,25391,35889,42731,29492,30062,50890,34911,25446,24825,42237
47591,25706,41406,58431,57544,36794,49264,54224,50382,26572,46865,34970,44758,30293,37084,43405
16075,33295,27590,27605,60109,76231,77352,75016,53276,69893,71196,68506,38362,38306,41753,42149
44372,40895,40476,24630,28189,32198,44913,30657,35092,40658,54977,29220,36544,33484,34717,11039
36903,16314,47351,50405,50098,17206,53303,54551,63833,19698,51684,68770,39487,13946,46377,47654
57512,39855,36639,66553,36746,24867,31266,48404,39915,33469,32634,42589,35504,22862,23243,35543
54620,65474,14056,43679,39117,35621,16828,33564,49986,53612,13180,35639,44446,48978,16298,29412
55821,66425,61428,67796,21949,24312,27299,31964,47226,65594,45235,60252,40170,47551,41411,58043
28792,49287,52888,60710,30782,45544,46928,63165,39849,51922,52062,66915,24977,29060,35414,46650
57398,37735,44762,28883,33894,36849,48906,32997,50912,37139,59554,40499,19273,16813,21185,15235
50307,45048,39789,35024,59808,70916,46576,54834,57098,35952,33284,43059,62523,73148,50791,50387
41979,53729,35762,26748,15199,21711,19597,17633,25245,31682,27787,18639,52146,67864,46054,33239
33760,35458,30256,19061,42689,40364,28809,25180,33304,29653,17841,16846,47266,45005,40877,30030
46650,23197,28992,45412,70984,50109,50680,76622,48568,37784,31454,50821,35165,23713,26444,46834
25883,34255,30631,36802,27326,40763,25216,38128,37543,41209,31573,40553,31081,43119,37410,48853
51234,49129,51586,38262,45173,50790,53755,45686,74580,81357,60453,65065,56728,73131,54087,50353
43475,31987,41624,50035,50661,38750,44743,52640,51114,32900,30491,39028,46143,36885,31984,40003
54414,23840,52581,52890,54418,18152,39276,41851,65371,25412,46564,59427,58872,32460,55942,57551
25008,32811,19816,31954,47668,49077,36209,57169,35750,36726,30073,42021,44078,46003,34874,58677
48784,38986,46745,35009,56006,36115,58040,47453,66594,46175,66072,47405,60675,33916,62604,53354
48700,50758,56131,43572,64473,43603,45588,49739,85227,63217,73958,73285,50742,35555,27687,48370
64939,30725,46192,38322,43782,20709,25131,22718,51795,16860,29757,32713,33314,16194,32015,18598
46298,29164,37605,21301,58384,35706,41643,33877,41874,18454,28236,18337,58490,46320,52937,43618
17486,23554,22926,25368,36046,32307,40399,36825,38131,44468,30623,46063,24820,36611,29507,41990
23006,62910,26720,43229,27657,65521,36911,39181,30347,55192,26806,26600,29626,65258,31332,43018
24900,32932,19695,21852,26277,31856,20540,19693,43139,29229,29100,31237,24976,21106,16813,21359
32246,37876,38916,41587,28964,41048,43426,41451,16185,43187,57354,50662,33792,46836,68838,64738
25536,36575,22963,33296,25464,40086,20531,33581,22136,38389,23494,30005,41944,49730,34850,50290
22271,27747,14463,21702,40499,50695,26555,35292,24599,21503,15401,16984,44317,50414,37118,31700
50286,57987,44251,45040,29308,39428,33003,30629,30877,29606,31081,32977,34659,45998,29887,28113
43699,62679,52189,45712,38804,54217,41718,32389,44727,53507,36336,37821,58482,71339,56064,49837
63785,38785,17940,27258,62944,42146,22320,27382,52539,46409,21615,27945,27980,22696,8034,17206
44689,38482,37525,37235,27603,24432,25596,31200,40850,44163,41850,60569,29813,29763,20802,38182
5046,23388,8450,21471,30667,61908,32292,44990,30386,56701,30166,49948,24120,37709,23529,29700
32393,49469,34500,34389,30680,48937,19185,24597,35702,56947,26437,47413,21378,37657,20105,35153
29125,23110,36388,15278,58647,31602,63039,26196,43421,20618,42981,23237,43558,32209,47017,31328
33720,26854,22929,35365,71050,58673,49562,73549,38072,41295,36771,51228,61816,55293,44899,69750
35858,24979,44366,25465,53507,39642,51047,37633,36223,28326,42391,32306,49906,45326,51712,37686
40672,34301,19180,39239,47745,49175,28842,36799,39988,35149,24088,36164,54711,52829,25541,34197
26171,39298,25704,44007,24533,35349,34266,40650,24151,39831,29509,39991,27649,50145,39603,39796
26340,37693,48469,62034,18897,30428,44358,58915,16730,24034,40022,51424,33858,37337,55782,71164
32551,33802,35306,48445,32274,31205,36610,40565,40398,40771,41768,46384,25845,33642,43338,48060
30272,31290,27067,30575,20577,46306,32275,25897,35664,42654,25866,38517,44993,68505,53377,52529
53046,46221,47606,51904,29471,25688,37932,25958,34078,33942,30602,34017,27602,30157,44780,29223
43816,37687,19797,36310,60157,58310,26630,47888,60767,56767,25390,53174,61623,63899,27111,57973
63410,53758,69307,37592,51282,44386,70797,36231,53406,41149,49611,25006,37296,26105,38036,16188
65449,49459,51213,44803,63655,51035,52918,41847,55559,44719,46894,36267,50906,46528,43259,26637
33465,27420,32537,26898,55672,34850,38778,22620,42385,28048,38279,31911,62830,52926,56650,44123
65477,49627,56606,23324,64501,52080,60286,30009,56908,46739,46796,23768,60589,49503,58823,25315
42609,50642,24146,41044,42733,56043,39083,35431,46227,72377,44617,44083,54723,81213,40213,46456
36638,48019,71151,51122,28105,37681,46686,49327,48252,33934,63345,50213,17744,24585,43268,39074
47659,53590,44660,30475,30468,36565,22756,11146,49677,64334,46979,34454,54490,70641,49691,38181
35889,30658,31124,37830,33362,22419,34752,30191,50868,40052,55585,52111,38541,21034,38782,39067
38806,31792,39588,43702,35488,32635,37119,37559,28212,22604,29155,34181,22742,22499,33010,27670
34930,27211,32538,33328,54096,48829,54499,54282,31208,25146,41519,41087,26072,26474,22597,35528
36866,47156,54104,54113,34526,39599,40834,39300,20768,32217,38051,26010,57778,63462,74421,70083
49833,43921,28898,45990,41251,32751,22045,43039,56462,48084,43192,54317,44411,32196,30914,34097
50557,59796,36261,58267,60500,53762,35285,47291,47976,45705,28398,41958,67537,61456,42466,58033
40829,36972,32503,40372,49367,35844,36247,40897,39737,32511,39710,41461,25470,28476,20248,28737
28514,35048,40186,33699,59268,68335,72096,62346,36688,33643,37827,42415,48063,50226,57410,52191
71452,24024,42450,47128,62226,25737,38977,47850,64343,29198,28681,52907,40044,14536,18549,31213
53033,45278,61022,57220,39054,15175,28448,39839,46944,40390,53000,45644,57541,47085,69795,64686
40882,36109,36650,35278,31667,31664,28778,44047,41851,30748,29992,32594,32658,27159,48158,33790
36402,48462,58800,47468,34777,38432,35158,32536,29873,29380,30063,19876,29982,28854,35782,25448
16063,33537,26412,31656,10188,21084,19857,22807,10683,24712,26630,29215,26491,52703,39782,44984
36287,39910,22841,18558,39090,52908,32985,20577,26453,45718,31267,23648,38191,49744,31626,17231
32004,47384,41323,39569,31778,65390,30466,42315,27755,42627,36573,44629,30353,52416,31097,35723
34572,37239,37407,35246,47713,53654,53422,56078,31147,29748,41140,34600,46339,45927,49865,47816
64432,50459,65160,48007,50903,56232,65861,52564,27568,37023,45743,49693,47663,47397,59135,48184
41248,46564,39404,34819,32839,37390,34880,39716,37942,35807,24737,39083,54218,49760,38711,44084
41014,37202,31711,27570,49491,50616,34414,32735,61372,50806,47359,47418,41913,25194,37682,31958
46581,37541,33763,41224,48291,31612,25939,37971,45116,43931,38330,35028,53754,39955,34177,43458
32420,32156,17332,20975,18483,25533,27580,25809,42798,50622,39708,20861,24481,37821,34380,28510
25638,19019,24765,20905,52492,55636,55243,41885,54934,68181,61285,41850,40820,51226,42622,37974
58399,42487,58983,56143,26743,20235,27975,25242,41164,32183,47426,40036,48375,31646,42694,42985
42597,22856,33305,33258,41192,26340,30626,33342,49658,39812,38692,45077,71249,59248,55143,69200
47695,51879,44703,36842,32996,39460,32686,19606,50246,55254,41074,28746,31069,41039,30956,27649
29934,29401,30359,25992,14221,19788,38130,27306,34981,27648,46347,21807,40760,31032,43281,34328
36845,27695,37881,51290,31846,30997,46046,52139,34579,23837,37352,43120,31464,23676,30899,37483
25872,42767,29262,45593,33779,48860,33387,47839,41323,45958,48574,47885,45401,51545,47532,61092
38927,32770,50634,35854,50439,44477,49198,38197,42394,36061,34587,46141,41580,38234,39295,33623
34753,52426,45533,47975,19808,34735,42901,37280,32429,43759,52682,46689,36144,35126,44374,52287
31446,38454,37713,46029,30970,42185,27035,49889,28300,45234,31829,47822,34418,51104,31532,46761
38778,51741,33269,38788,35660,44930,34050,33026,38066,27749,17627,21993,42377,54647,37586,44915
44307,59016,47276,56265,34393,40097,34129,40232,31472,37185,33618,38124,49977,58530,54546,57704
30713,21744,23507,25652,46494,40178,48884,40795,19697,30945,27880,30041,33782,21998,33894,22370
53156,54154,48422,43103,40009,40867,35065,33972,56902,47974,42654,47253,39202,36510,40203,35701
26172,44146,42011,43367,52641,69542,51857,75422,34867,43714,28027,50731,31958,62378,42532,58041
30008,34732,30326,36966,33015,39295,26825,55476,27195,34533,12147,31454,29677,26591,23511,37848
36047,32346,15752,41623,42831,40378,26220,51405,44799,38339,21362,44878,37905,34585,30662,40949
46169,48798,31351,24122,63082,41946,31999,27212,46758,26006,30852,25734,64529,44188,38439,26728
33855,53153,49096,54429,37466,46607,37965,37619,54217,62903,70663,54690,33863,33936,38554,41258
45594,59456,30689,47758,39913,54692,21932,38248,29005,51996,21133,32380,31131,41568,23012,35335
38787,47583,25302,25894,41200,61614,31535,40936,24941,31354,16633,20553,55299,69455,37759,47750
42055,25362,37614,30839,27174,15003,28971,20688,35080,23202,46251,26976,60051,30441,47010,40779
26167,27780,34818,23536,20974,31136,11238,18516,39349,41871,30599,33745,19354,36762,26428,17225
49902,55166,40766,49743,60244,65078,55185,56455,38237,47528,31973,41927,70528,67922,52406,62494
53547,43496,58655,50193,63461,49468,66752,58729,36314,34529,40297,33875,37551,33531,44463,44268
33269,19577,13570,38491,22037,15969,21823,24330,18290,23052,21070,20253,32300,22783,7624,29744
38739,27744,25107,28728,56672,41614,51441,62333,30618,19066,25148,32193,45690,41953,43637,43648
49266,52512,48400,19084,39776,58561,39771,28976,34448,52425,40148,36011,55376,61871,50477,34276
51222,31459,31743,16803,41531,28655,28311,19533,45458,32301,40197,19944,55131,34756,39298,21597
50218,45523,31996,28041,57172,47102,38166,29665,52871,53296,41555,32057,59188,48056,27306,37981
45884,33134,61008,43448,32071,25165,41848,35334,32180,29602,52694,35725,42966,24773,56225,40041
30976,38491,33342,24624,46832,47864,51768,29233,29096,38458,35541,18296,42845,54313,43572,35027
53516,52869,47336,31904,36466,42392,29779,20869,42595,43897,38790,24360,41275,47579,40908,20424
73753,46781,58258,70439,49618,41844,41957,39723,56162,47543,40999,41531,55303,35061,58906,59379
71318,80019,53260,48155,44017,57431,24399,24219,38057,29881,17227,18918,40865,46944,17988,22018
71263,68427,60138,54400,53525,43724,27500,40557,70173,63167,68503,49997,50102,32843,41122,26461
33559,58059,53652,62183,22064,47282,50947,49243,17198,46759,38733,40083,30474,39182,46684,52540
32460,57026,51039,36760,31460,48468,45374,39437,30439,51457,47114,43334,45487,77230,69514,52289
66253,40374,29353,34891,59639,40083,37006,45856,37846,20619,26996,39682,57715,37019,35985,40636
47560,44119,45995,39145,38548,34735,34658,31801,46129,54842,45631,40233,51516,45478,39420,44893
60705,71902,47299,45923,58617,60864,46458,46272,51947,67878,42108,44069,50277,54910,39455,31577
55717,41816,67001,45334,37958,33934,31366,24693,39104,39494,52790,49071,48614,42786,42120,33982
41593,30838,39346,21757,12855,20636,13455,9115,46365,51059,40441,21990,48665,46841,46662,20451
35133,37042,34071,18267,64620,60009,60927,28785,39631,44954,45091,21650,41337,42790,57617,26163
42447,45872,45488,29905,43024,38768,39840,39095,32862,42312,41407,29123,37794,49140,48823,31256
25938,42512,22439,29043,38353,53887,37063,44861,41855,50182,29623,35703,47269,60171,40692,44389
38371,39968,41847,14243,49215,59017,64065,24922,38683,29427,38227,16747,34300,49958,50241,17774
35946,55722,60698,27761,32464,40283,45722,20395,28749,36027,44101,20095,41816,48286,48323,22529
49916,47575,41902,44000,32879,44419,31012,27143,38205,60937,41013,47820,34811,62646,38687,32640
45095,27695,46448,35513,24389,18902,26657,21663,46233,26896,38890,27301,41289,27898,43787,34110
40269,39190,60248,49355,40162,32052,45098,38704,45790,36023,57163,48795,30420,18982,37964,37925
19836,23155,27957,24300,47275,53581,45344,47925,33904,33811,27386,44985,33838,42058,26166,33735
20131,35619,52020,53194,36500,44256,44923,56917,19653,18823,25814,33504,26328,33391,29549,34727
48730,42574,54989,49173,53180,49986,60133,54698,24178,23895,17171,21765,47368,49668,64857,55774
45661,38112,35058,40406,58664,40518,39472,39367,61382,62022,51348,50504,59549,48650,44665,52662
43983,43136,40966,38947,37784,27578,49491,33866,35553,36486,40683,37420,46416,43312,65375,51712
50819,26496,43943,49024,41323,26665,31051,39579,57558,30118,52445,63012,43788,23526,32809,50007
35775,34864,43569,46426,30078,24645,28795,36191,38898,29506,46179,55180,38060,29922,32661,54299
35146,21205,26803,33693,52173,45283,47814,54898,44076,31064,46391,43823,47854,26904,40701,40820
46598,36250,40265,50730,45473,31724,32152,49112,56536,35631,34942,55648,64179,46735,51516,66251
65803,32628,47467,37004,46868,27574,32285,19464,41714,38545,32633,22726,58629,27859,44487,34033
30595,44305,45942,36187,39738,40176,46336,42764,29392,30373,44105,45779,18825,18720,36831,34763
39911,31263,24397,55250,35452,42226,25848,57496,27611,27873,28865,54500,35898,38375,26098,63445
42335,53069,48208,59926,33065,36094,31269,34777,47583,57025,55501,65694,31940,41757,43269,51538
49869,37426,41810,34604,33242,17347,25609,20735,39542,27698,36529,31559,57620,43890,47155,45107
24804,52348,21751,30202,36106,46528,28163,36324,29932,32762,18533,23132,41739,56837,30131,41788
16672,37347,29978,37461,18025,23576,32860,39221,17750,15903,18241,25076,13240,23803,16941,22771
68880,53380,53288,38193,37519,33440,37689,22017,42630,28801,29683,21973,43236,26573,30387,23930
27769,40213,38991,38001,46107,46742,46512,38999,31223,35051,30981,31698,60864,56262,45227,44945
18168,29672,22623,51556,22946,36969,21278,44213,23404,33269,24509,34456,32914,49070,45504,44843
54447,52336,31510,36439,52568,48558,31209,32691,25661,25866,22093,25135,33521,28300,23292,18781
22664,19072,18539,23426,49619,55371,51632,37840,38107,46555,49277,36665,37290,53463,48340,31176
46736,33227,51621,57004,52585,34348,38717,48151,36222,26236,38860,45600,32767,25809,32964,34640
38085,50577,43156,52759,29416,37538,35409,40187,24781,41499,23633,53621,39890,56803,43171,66568
15803,21322,21904,34910,29294,57727,49803,56805,20740,42465,24524,45232,25005,42963,28026,37797
39145,38541,41246,28191,35181,48905,42857,27048,31597,39364,44133,30768,35640,33741,29618,18975
47172,43560,43256,56795,40824,32975,29439,53129,33936,25801,19903,38841,54833,42814,48308,60750
22859,26596,25862,28692,51381,45496,39697,42893,53813,66326,54155,66878,36294,41277,46939,40663
42930,41035,32337,39244,32126,28233,37115,30714,36126,28456,29110,28216,62532,46545,51622,54697
28389,42609,35275,17746,45529,54475,57400,28897,26842,35606,41377,25117,31989,47970,41191,27271
18996,38204,27913,24796,13699,33904,29954,24352,24738,45579,36384,33687,31985,48521,32693,28849
49688,47119,44607,46156,43529,44025,45028,31764,53868,39607,42593,39276,56543,48826,47792,36030
36872,33468,29735,48654,39917,52519,41094,66384,24725,25652,30252,31948,42148,37434,46074,61125
38274,22906,28041,17473,31776,26946,28510,25365,62772,34844,37303,50650,51532,34813,45184,39550
13025,32045,22059,35969,17212,25985,28109,33380,36419,47992,38315,58294,24076,36103,27801,37463
30482,47358,17612,18398,33648,46998,12963,15595,34629,61544,21997,21482,34550,51133,28074,21615
52674,37039,38578,36830,54378,40789,38673,43920,55816,43908,38029,46992,32193,35524,26273,28643
12621,43708,12097,23631,14419,27994,30821,24364,17555,43129,39938,38964,19208,30301,20963,14610
36944,42951,22855,54463,45048,62402,46555,68927,49387,63950,42780,72541,37049,58110,38147,60316
37687,55851,42994,49588,22465,45268,40955,33595,30529,53798,33745,47906,20929,49411,44425,51944
47150,41601,54094,51534,38657,45592,48644,53056,28875,27497,24935,28509,19444,25124,34306,42025
34923,29282,22005,34429,32445,28365,20967,36418,24802,19541,21120,24178,23606,34321,23727,37659
54558,51325,37674,26827,58790,51551,27182,33695,53216,46845,18529,26077,54593,51327,37494,38372
39711,33016,37159,61068,28158,21463,36635,39945,33072,17191,28024,31439,49651,42518,51890,64606
33511,33505,39224,30195,55276,50817,54783,36785,48667,45274,50566,32582,42318,46898,47834,34518
21015,26785,48020,46806,29271,35686,42830,39161,33435,27281,47468,41441,19738,23288,44782,37636
69999,55191,58666,53292,47734,37221,30999,40769,53718,41208,36396,54695,57436,43463,50056,57863
33039,38727,28495,38398,28037,26199,22437,31091,31865,49202,29105,44486,33623,26231,31041,27151
54863,30938,41831,40598,50506,25686,47557,44994,57472,37201,45717,41485,42913,21698,34677,32320
54766,57639,55674,44453,54509,46446,52876,48177,58461,65606,52326,52750,30283,25669,37439,25312
32010,25208,29397,22647,44121,48037,45860,34877,33714,44966,27908,26385,29801,36126,23660,25281
34999,25494,44052,26108,49341,36456,55958,48482,46345,34309,43970,50728,34743,29696,42386,26350
55948,38898,64281,44403,46475,29651,52529,34813,37655,25719,38710,26818,42313,22852,62372,37580
49061,69433,54354,35881,41250,56063,42263,25976,23041,50605,34627,24936,36912,57726,44890,32341
43111,37248,62814,32644,51737,38150,76054,53661,44609,36107,70644,49352,52860,36577,64554,42076
45078,49824,47590,35082,36184,37248,37207,33925,49824,49401,55272,42116,63117,61154,53597,46181
36143,51345,43954,82124,12232,21713,17901,39360,19401,31350,28282,57392,11043,27492,13687,40988
37543,23820,53993,41338,35942,22666,55163,44236,47810,29872,73597,56300,45285,19719,62616,40776
35180,46247,50414,44316,43966,54907,66237,50615,31702,39467,47385,26380,18988,37121,39344,33686
49126,50347,46755,39088,28974,35605,19697,34394,42325,45246,26876,33922,32018,32052,31193,30907
41545,71621,50396,65405,27721,49191,40404,47074,24898,47173,35435,57881,28242,50465,32154,55292
34526,41139,32119,51676,46410,51852,61498,49763,40421,44332,43369,52331,36455,40661,47732,42005
46104,22554,37956,46377,41499,36052,43096,57498,44038,11981,32398,39318,58620,27976,37688,66187
50982,22962,58614,42603,27311,19626,38214,38739,35408,29849,44452,43946,42902,25426,55720,44800
36135,25630,25027,45171,51745,47442,42260,72790,24705,25992,27668,44161,37852,38755,30020,33198
51072,39709,26571,47421,48974,44521,44187,56039,70255,51067,52407,62969,69106,56004,44343,59253
44333,48172,41329,44734,43471,41163,38838,51760,27193,30035,15141,34124,38111,40785,24638,37610
28927,38895,31102,19560,33156,47323,48559,18015,31336,37806,39437,22349,45163,57542,50796,29506
53781,43023,40266,42636,58156,53955,47362,44687,61963,62684,48040,50306,74148,64722,58196,56197
40658,38670,42674,58204,46316,38265,50558,59529,36347,35923,33174,42634,32975,41112,41283,54473
38469,41544,63800,49467,18513,18615,31544,24529,20445,17789,44689,28185,32974,32380,43157,39892
57004,48791,48947,35877,58501,55474,49614,39321,33583,32771,25354,21971,26007,39355,27162,33095
36694,40267,29866,44613,28990,27933,29750,36139,42148,38043,31529,47152,35646,29541,34537,50338
37528,47828,48824,46602,57682,66883,55328,65475,45491,42716,42791,56933,32743,31867,31133,44543
40180,25287,51670,40630,34704,33132,53692,46635,55179,40864,65828,56988,29029,20655,18951,14819
41253,12939,32032,56220,41834,12514,34570,46314,30295,19975,29463,41551,42575,19079,47352,43672
35306,30773,49680,42160,41056,37861,47411,44462,40672,41710,44227,36098,37355,21741,24018,28154
56201,47114,38204,16174,59625,47304,36361,18392,56245,69971,52309,24150,39975,52611,39927,18242
36295,41694,35814,43091,32758,43831,38735,36089,38306,53929,42883,40770,43123,47952,53599,56210
40316,53148,44283,40499,39153,52218,39289,46447,51452,54605,37748,56307,50800,60719,47312,55063
39362,54426,64895,55710,41299,56343,57510,58095,34023,31752,32699,37462,30904,33735,43643,41617
48189,51319,20217,33998,38213,42332,19454,40435,19368,24899,9602,31421,28109,27924,14271,27657
48352,46681,54695,64942,46183,38576,46763,54515,48949,54985,51741,58369,41915,39218,38802,45426
33737,24935,29941,42187,33181,25067,26193,50998,40867,26043,19083,52400,39571,16455,20080,44018
19526,33616,42809,34875,16387,22227,39876,23728,21695,24307,48589,33821,28219,34434,53747,31411
34595,40578,23800,32674,46361,49436,44510,51159,40252,37001,33110,32108,51146,61949,63477,63401
21002,40396,43416,28561,17779,30118,30107,32600,26808,49371,40247,38978,30656,50872,43156,41500
42750,52648,64928,57021,29966,45746,54901,56439,18890,33310,34543,37295,36714,33651,60961,42703
29532,41213,27166,25537,40631,54009,40330,37520,36288,44292,34260,32306,47488,58209,42973,41296
27254,39799,44441,44010,29541,51926,53951,41240,32239,60339,50613,47953,24673,43467,34530,33444
31418,30520,42845,32740,39917,46744,55071,49597,23334,42968,48561,37115,34293,50133,47753,53316
39457,45343,32425,46159,23736,39788,24241,36088,26106,44122,36779,38977,38898,48785,34249,53034
24461,20730,40521,32434,29875,17028,32881,18853,45170,30044,53304,38383,54123,34817,61337,42151
52350,59523,67065,51383,32735,27504,52785,49348,22023,24544,20791,21232,39684,38939,53312,43803
62099,37040,33169,60867,41084,17555,30061,44902,57710,29061,43227,55240,39435,30382,42689,55690
41343,66276,36446,62008,35185,55254,27853,46328,21846,49535,19319,39503,47703,73571,38457,71431
31630,41288,26843,45405,53416,65815,39465,72007,35391,50403,27034,47806,36186,59846,32118,52897
51996,40468,40909,30379,51957,42977,37267,41881,58120,47164,35779,43080,47138,41844,46824,33575
37798,33046,41379,35961,62891,54862,63007,64781,39427,33465,39423,42564,46553,45932,50423,42777
43855,53822,42665,64673,33180,23592,23005,35336,45460,36191,25602,47593,55884,45204,32025,56845
42807,49060,61615,36260,25569,22636,40959,25119,37728,31070,37614,32472,34574,42310,46203,29329
29894,43068,59237,33363,25929,52887,60565,41654,32766,37311,48025,24968,36381,39934,58663,33349
42810,49514,60489,59198,21623,33781,34010,41580,30420,26368,31364,42035,53509,59301,69583,68967
53088,52797,64886,25007,30859,46357,28035,15657,32243,39823,36344,14776,36903,42359,44721,21089
51807,45077,21431,35447,64791,64494,35415,58908,50834,51428,32073,34725,66229,55051,35973,48831
49126,46371,70920,46698,42460,35925,64717,47380,36783,42839,56692,42900,46135,51071,76413,50737
19181,30825,37100,25310,25648,47910,42287,36852,31196,54140,48942,49926,22414,47305,35666,39610
59461,61832,40484,52946,33786,45566,27592,45573,25957,29589,14469,20875,43498,49920,29553,48839
29558,26257,15343,41321,32178,24236,23873,31481,44053,32537,29188,33871,55485,45499,38908,49701
50262,60461,68045,41898,50297,56055,54646,38929,43868,49870,38800,36372,28846,36462,36039,26972
22532,34409,38048,37758,24609,34289,34283,34326,28114,42140,34734,49824,33418,58746,46190,68680
28863,32435,33651,34137,44951,42002,48789,38862,35791,38268,42878,40566,21795,22860,26799,27254
48668,55519,35088,23471,45964,60942,42678,17422,38753,40754,23721,19367,43371,50826,35052,16321
30564,33312,40754,43740,50358,46324,43220,59540,48322,36428,44130,51593,61241,44728,40905,65281
16200,34589,28705,45186,32296,30618,14357,23624,38302,53051,27878,42656,36053,36466,37354,56542
37920,42169,42885,27401,39226,42846,33434,30464,20426,20333,17452,10159,43612,36867,43051,35415
51247,49238,47020,45333,59216,35289,59519,44674,36079,25252,55025,32797,44603,33124,31022,38829
50595,46928,41369,41121,30174,28445,26657,24242,44114,36287,51642,33815,46853,41179,41014,35296
46090,43300,32086,47374,55360,50233,37430,58402,37294,39977,28030,44207,59698,53234,45337,52657
50908,39186,62267,38332,53283,46834,52699,49683,62131,59536,69393,63103,49525,30772,43993,35110
51110,50246,69537,57849,28314,26754,29804,27702,34237,30342,39202,32780,36895,37678,46221,29973
30009,38123,37023,16538,40613,73730,54947,24039,35122,59973,54905,19822,49480,70707,63193,29812
34977,16741,49049,14265,35085,20725,56644,36658,22512,13891,42368,22486,35827,17536,57204,19254
48380,59820,44944,39543,35983,41278,38153,30578,33642,46144,25006,28782,43475,49780,46057,33567
32687,25921,42413,45178,41219,41407,60887,42923,35160,33176,43591,33960,31127,22720,40045,37377
44277,68655,44910,31497,59873,81493,44831,60784,50171,72753,43649,46232,52481,69455,40756,44051
39540,41763,44029,29856,44411,40961,42563,35614,32700,42391,48872,32859,31344,27228,35609,28554
21058,26860,13141,24265,33664,36739,27895,32523,43582,51831,33861,40745,28621,40987,22396,33749
45055,49237,26210,44787,34822,42692,28812,49301,27232,31086,13010,24507,33949,35867,15632,35082
23683,17175,29177,37638,27640,57393,47234,29567,24875,35810,43331,32302,40487,49649,66564,41917
48704,34986,53118,17012,46243,46039,46593,25692,41387,44291,44303,20878,54245,35828,48871,15023
36225,44261,32682,39763,22181,45083,35206,35051,31454,42975,34199,27728,28918,40655,40574,36733
60662,21569,45827,38888,50626,15850,40288,46833,50312,17618,46126,42824,62763,21684,52625,43220
36342,29566,38794,47701,39819,31910,38539,42335,35520,28511,40995,47028,59239,51660,64440,72301
31269,29585,35533,41068,25225,32312,36223,28669,34528,38807,43847,38453,29424,36171,36926,31936
40820,48274,50084,30486,34517,49136,38478,27822,31028,45869,37495,29285,41235,36309,34131,28860
45233,21418,23331,33769,44955,16707,35456,43161,27181,15498,11805,22533,46686,21206,29183,30214
35617,31554,33071,42494,41001,33589,42828,42486,48359,40148,46509,48332,44295,39466,34342,28816
44502,23958,31258,41185,28797,17354,30806,30217,40742,30900,44754,49246,30080,21405,34186,50812
37070,36715,24486,41821,40142,32347,24503,47384,48772,33231,34495,67045,43487,30046,29767,39560
26139,33598,45729,23873,29134,43867,43067,25797,31309,26644,47377,30948,46865,47812,69422,39281
48398,50419,44690,59505,30365,34781,29196,28831,45646,35803,31794,43170,37192,39056,38787,34374
45700,40103,25569,25966,65816,55556,35649,45870,53594,33517,16017,43217,69517,50067,32086,48192
20181,33075,40948,38374,40754,59335,72892,57092,25572,36661,45294,42329,25657,41403,63969,52704
51715,27636,39987,24559,39399,29467,24907,29212,46294,38989,25556,36481,39292,28401,32044,22906
40012,56420,46692,47474,47657,51966,62757,46640,47921,66533,65401,61322,33715,35127,44651,34235
32998,34809,31047,43551,35012,29670,38211,34451,23003,22896,21249,23269,36181,37571,42993,42318
53055,34275,63331,38740,47371,40545,58240,25506,38823,20555,43944,22758,52578,37804,65519,31317
32201,13993,25733,36450,28511,26955,12912,18412,41339,33369,22440,26919,32239,13686,18393,26064
32679,61452,49452,35981,37755,74548,53919,37512,24499,26185,33653,16387,25882,48184,40953,21726
34818,29391,49227,50503,36185,35935,52227,61348,30077,28092,35127,44563,31889,26181,36461,50153
15807,51644,17106,41761,14406,26770,14554,40187,10712,30379,12828,33723,26006,41767,16835,43794
31287,40535,54741,48240,38711,47079,67000,62755,32956,29861,48016,44687,43714,45848,71087,66161
55529,44520,41731,53037,68420,48567,55385,62461,63247,55236,46892,44284,59984,45303,45468,60631
16985,24836,27265,36499,56011,71028,76503,69096,40352,63590,70568,62600,31690,50804,57210,47643
74192,51282,36555,54672,74146,50622,44062,46230,50779,35650,29656,45620,49997,34848,29181,33982
39277,47275,41326,34931,40606,42060,40752,30739,49402,47206,57167,34844,32725,47755,41287,57625
28300,25531,29041,39388,46416,26792,31496,52600,45724,26209,32298,36889,50391,35150,28350,52737
44015,29791,17371,48417,64198,34852,10977,60544,23566,16989,9189,24946,48284,28451,16127,50568
44443,43420,29718,40669,37067,30782,23508,30526,41022,29279,19651,42595,55202,39340,31325,51684
27644,16398,28274,31532,33564,42409,38569,60002,48527,16502,35062,38808,48750,17149,32452,35296
41569,47754,49494,34970,30807,34278,34626,32216,49457,63237,62455,54041,25256,38449,40991,35478
16358,33683,44562,36617,22212,26264,38503,36719,14010,25843,26796,33292,22540,27786,39572,21162
23627,22883,26039,23089,50924,40180,46913,37162,28095,35676,33262,26845,53398,38139,52722,41082
25641,39987,45587,32427,23319,38353,54287,37783,26708,42749,39521,30483,22942,42368,53512,28219
43827,38356,46631,61469,34007,40188,46370,48623,15238,15642,25933,19696,40499,33108,36624,59158
26414,62818,37210,55545,13865,42060,22270,44426,19479,47182,26461,42684,22693,38824,27997,34722
29441,38442,39612,40231,42961,64204,56835,47568,31248,40721,47707,33947,36336,51295,53712,40726
37169,36173,39740,25793,68969,66366,56663,40147,33231,39586,25050,16989,46298,46184,39186,34282
36200,33821,24296,46329,52323,36604,32724,46974,68658,58579,42820,67980,53898,37427,35007,58726
39793,38255,37991,30229,46291,42733,38920,40066,42460,50434,35605,31144,12978,18644,15910,13396
39513,52029,53351,52553,32729,47504,32234,37422,37578,67154,59827,63900,41340,66061,61780,53020
26956,25962,30668,31648,37532,39867,55887,32301,34997,41349,52407,54282,47541,48558,52973,50669
56287,46623,19797,52632,35918,23672,16354,30399,35423,36430,12974,40170,52152,57202,18350,53898
35282,31050,27863,24064,39282,27412,29943,25142,44732,25958,39470,29423,30023,23853,25980,25754
50993,42001,45138,54801,56911,35739,37112,62546,44919,30633,36140,65025,52775,34936,35479,61520
30931,33047,36790,49841,38751,41974,40238,52651,36881,34087,30102,39172,42548,39606,39407,57638
35901,16576,36085,26591,50732,23645,49026,34723,75584,40533,62156,42974,46497,32651,52142,27640
62954,58507,37667,77059,28540,31120,22556,26366,32593,32909,15859,43754,49812,49874,33629,62376
25534,19290,46607,37976,22854,28181,39696,39004,35671,25594,56919,54096,38047,34546,59205,59788
46771,51790,35825,30074,47326,44850,30485,24465,34430,33644,28862,21155,34926,33447,31329,39739
45414,40108,54657,34734,50659,26338,49256,23383,50011,35284,52890,27022,38986,34939,45563,26304
47563,43991,56451,41034,35217,32669,40512,28751,35896,31832,44184,27714,29921,29140,25539,29076
50737,44781,54870,29978,37936,42410,41541,25770,45778,48044,59005,26723,36291,36821,45051,33294
57384,59123,71038,60408,48292,59284,56725,59115,50208,59078,62143,63058,27128,41032,38754,38735
40957,34674,31347,51091,24646,31521,21562,46043,30465,36612,35699,50915,31273,28033,19276,33201
31712,55562,40018,27010,31486,63850,46804,32077,34424,40725,32638,19775,27118,48419,33680,22956
39749,33151,42898,35126,51368,32965,55777,46116,35152,25416,38264,29271,39478,53004,45315,40758
30286,19356,32431,28121,45738,33165,47160,40150,58408,38527,53364,45996,48621,37889,43215,36363
41824,45957,50522,38966,26227,35318,37019,32773,33399,31642,38600,34772,35347,58413,51189,46849
44045,59759,49644,66815,54080,68398,57396,73628,25168,38698,31596,34375,48150,50986,54109,56822
23417,29249,30929,39395,52971,51341,51621,70310,25743,38794,30034,49867,41540,41146,29911,43126
47749,23571,33556,43832,69404,48376,53767,66658,31600,18694,24026,34293,64798,47660,46796,64818
41983,33469,36017,20339,37388,16885,32134,20875,55949,44537,45189,42838,41942,19595,28176,30278
24540,17895,26119,16204,35461,24039,35307,19686,56848,51762,51908,50538,48190,44841,44404,58001
53508,59076,50900,23928,62355,55318,62171,36982,63101,57302,56935,31530,30052,30170,35512,14279
54760,34958,45898,34091,29552,15367,27576,15815,32828,26246,36738,27918,33586,30419,42123,33130
60940,47012,68469,37750,48874,29176,54221,40103,53825,37910,59823,35782,40773,27855,47562,38255
40659,17466,29858,56282,39904,25148,41499,63695,19990,15114,19317,29348,40717,41567,36787,56686
48868,36193,35020,32043,58312,53108,55925,43323,71982,42856,44927,49527,38741,25020,27306,26700
62602,51295,62066,46000,42314,38000,47045,33964,24852,28126,36298,17325,47449,46233,52372,30725
43130,42656,25467,53588,47847,42694,17319,49538,50313,49331,31205,59173,40358,38870,22582,31374
37439,43275,41896,62829,24287,38197,37530,52602,30908,34549,35872,52312,48011,49271,46567,74802
51712,41222,32520,76095,31055,24147,12681,43249,37571,27145,23761,61811,31334,20674,22534,52184
33488,36009,26257,27901,67759,70311,55066,61047,59659,54141,40121,43761,39659,34559,22170,27477
32620,51632,20885,36232,47235,74305,26724,59610,41455,65170,24859,56853,36043,53922,24360,51694
51287,60994,66347,73503,51273,44270,55301,63980,41922,60950,55885,53237,24679,28565,37482,21461
37635,46746,70152,59951,49543,44926,70443,60902,41841,37112,58894,55006,45031,26565,52956,48749
49897,42147,31857,39718,47947,47470,26067,43330,45274,49893,27063,40038,55854,47122,37456,37199
33082,27420,42760,44458,24992,16530,36522,40128,28587,28625,26967,38243,24503,13583,26201,33772
47066,43044,42816,74118,52080,49526,26529,58667,47544,42112,26121,59048,48586,39551,23969,63111
46516,41852,45719,32177,42649,38924,43824,33277,29102,25640,32332,24325,50215,37767,47658,39697
23027,46341,38216,21894,31197,49519,40601,40577,24663,37399,33887,27671,21490,27462,32966,28638
26833,38002,37173,40146,20668,40600,41083,34276,20734,35290,30016,37949,37368,53295,50995,59709
46018,59629,30107,41546,44218,48004,26746,36636,45460,53683,33006,41630,50895,59719,29808,47055
28151,18966,30155,9691,49523,28451,45221,26870,31653,20254,36398,25651,51305,35030,57554,28366
33858,40493,52060,38779,19388,31843,28947,16762,43210,59349,59455,40837,35949,63254,53613,32898
33488,31512,60965,36188,30676,29121,48366,24552,29278,24749,43142,19867,42511,32388,56795,31535
19253,68548,52912,25087,10943,41858,34403,12611,14582,56542,51904,21087,12478,42229,37490,19052
35157,73270,51559,57089,17890,42190,30766,29073,32189,44951,32498,45021,18388,43052,26396,31676
45902,53529,51329,48767,54524,62833,68219,51838,50261,64917,62636,53769,64166,64298,69476,57127
23334,31916,29776,18929,45150,37773,38941,46413,39794,39318,43242,34009,39204,46231,36574,31986
34080,31972,19353,29133,46403,49578,26312,41417,18468,44154,18551,22704,24643,49546,29304,40170
50988,48082,47144,39485,32151,25680,29382,26070,54550,40147,39368,47769,40458,39263,33393,32128
66842,53325,40906,67855,36009,39192,30055,49833,49540,37834,24405,51303,58045,49791,33505,60444
