185,26,958,302,728,623,538,15
844,371,552,177,789,653,534,415
862,916,569,929,167,100,958,358
19,550,176,49,308,834,672,567
407,508,231,452,875,260,378,804
241,924,211,454,942,722,721,643
946,285,69,174,630,950,927,101
165,806,136,803,4,73,34,803
647,346,571,703,903,331,340,407
267,888,749,846,362,953,74,869
715,293,340,119,690,736,897,672
715,708,894,142,460,150,938,298
854,559,9,766,716,101,402,130
978,34,268,124,379,389,770,64
521,29,650,47,105,48,500,784
574,851,906,484,772,544,85,946
281,449,729,584,762,813,204,602
89,686,509,911,983,281,178,506
847,180,818,848,568,977,707,399
470,91,374,569,231,626,696,757
676,123,739,25,404,314,564,505
513,361,584,464,527,139,610,546
163,223,214,948,778,512,77,492
301,869,523,474,686,874,44,482
134,486,752,224,120,476,822,671
824,688,697,795,305,383,738,193
743,513,919,177,866,363,103,73
994,753,515,217,97,795,719,595
591,179,109,365,208,462,763,67
35,3,936,903,667,248,719,294
689,469,71,591,485,628,446,13
386,948,724,873,144,136,531,539
137,13,830,366,350,134,929,252
763,248,916,328,972,446,643,966
9,134,253,131,111,294,139,468
72,619,847,946,417,131,824,155
381,862,283,269,941,850,390,755
901,212,274,52,339,575,207,385
303,353,129,813,780,468,214,992
283,388,619,420,183,443,974,208
982,196,576,579,21,30,503,8
252,351,322,56,589,838,883,6
243,735,972,150,933,324,428,34
246,54,442,44,848,212,694,783
152,692,402,291,740,104,731,729
124,692,814,949,781,486,910,556
800,895,316,447,947,588,718,662
828,52,384,726,522,115,401,568
871,739,611,978,512,687,153,312
426,962,68,614,418,91,122,637
35,732,910,896,264,137,597,161
515,613,701,914,977,936,343,253
136,225,810,995,829,8,856,570
312,132,303,108,654,285,974,118
163,943,177,30,114,623,92,722
171,266,227,671,48,40,486,193
494,10,205,328,670,336,10,440
347,381,722,740,731,398,295,254
195,978,904,929,895,719,29,854
145,182,494,598,262,265,185,268
138,942,992,707,906,865,99,0
876,7,393,253,524,390,402,703
9,198,920,333,149,336,933,415
970,536,377,125,871,393,25,982
982,464,810,611,265,478,494,680
275,632,715,56,258,825,288,376
51,739,450,425,974,904,31,455
443,231,945,804,576,513,745,753
284,1000,915,544,950,601,492,641
625,185,493,447,777,67,792,48
904,379,347,407,934,182,470,0
273,422,34,410,930,11,642,158
282,843,232,459,50,631,883,728
424,608,178,847,682,526,984,722
788,522,677,514,775,847,475,733
990,454,416,603,78,965,42,801
758,191,178,911,230,603,735,697
616,953,512,687,21,829,381,63
982,298,682,962,872,552,848,200
793,997,732,655,785,355,633,569
954,929,28,944,710,822,354,948
786,969,653,210,529,759,253,900
413,39,864,868,609,459,862,859
865,302,888,610,553,872,836,976
498,347,121,383,340,62,936,570
712,130,883,347,835,0,349,24
464,534,252,802,230,647,893,512
959,660,315,890,610,224,510,548
77,247,114,948,994,392,627,434
756,784,805,906,889,136,722,599
868,106,386,63,556,740,938,416
756,307,963,35,490,148,948,46
222,472,394,374,736,396,229,37
150,773,752,745,758,368,743,152
485,574,270,618,262,414,4,420
673,570,823,966,37,998,617,255
355,999,119,931,733,963,385,232
12,455,882,884,516,923,175,996
510,765,889,975,122,999,699,267
441,183,829,513,123,241,905,979
706,5,316,304,487,582,61,710
749,958,865,82,852,741,457,979
577,750,664,613,913,659,671,220
547,839,797,728,910,120,53,580
544,633,231,519,839,329,876,403
865,817,679,977,983,557,439,656
838,987,477,59,429,131,345,929
211,117,425,207,846,925,260,521
905,635,204,331,642,419,241,888
733,532,735,748,460,78,932,865
236,513,412,973,908,293,586,634
86,417,850,228,992,116,60,42
484,523,213,107,752,902,470,441
744,971,488,227,687,309,322,374
362,245,199,461,259,156,354,528
615,546,441,610,697,656,318,768
259,845,770,10,360,704,236,889
435,558,781,60,946,998,277,684
362,526,585,753,414,435,338,935
799,750,598,663,836,711,99,787
890,849,315,980,84,639,420,967
818,206,205,373,680,730,685,283
673,862,323,60,539,587,869,497
493,561,304,617,577,507,66,707
29,848,600,564,553,227,565,558
565,114,266,322,489,179,32,687
778,871,37,238,319,427,827,445
142,955,955,529,959,476,575,860
608,297,950,504,89,665,758,123
38,13,202,258,919,778,619,922
35,243,435,556,249,553,94,21
572,120,717,999,198,222,878,384
975,493,88,413,778,61,2,230
94,555,514,124,416,488,101,136
867,555,671,971,881,101,949,383
2,405,202,888,458,933,194,372
856,518,239,442,59,382,878,984
798,926,388,642,598,535,766,138
122,866,18,260,942,511,746,53
892,409,85,324,307,110,974,194
615,306,399,856,366,120,516,144
989,905,578,771,764,559,700,486
514,240,308,397,116,222,84,991
961,928,259,424,983,192,734,18
887,623,200,671,56,829,926,909
611,573,969,622,254,432,988,915
466,433,954,585,673,647,690,666
893,670,687,60,258,603,62,602
401,731,589,665,597,717,898,291
813,389,168,253,420,746,244,838
540,622,484,383,314,743,926,333
291,484,782,454,538,710,461,857
693,353,170,296,336,859,469,54
948,496,318,776,749,18,827,754
874,977,103,436,493,523,485,378
820,258,727,133,426,514,178,130
647,966,713,317,778,729,343,182
914,864,67,337,731,106,932,49
888,871,6,847,864,332,554,272
35,378,829,3,967,844,445,282
978,27,139,421,79,86,705,718
618,777,409,135,582,578,379,316
242,470,792,983,666,832,585,255
866,57,679,76,221,375,543,101
610,627,291,30,986,929,221,744
952,600,311,941,657,799,317,602
550,684,323,731,446,622,764,610
479,531,258,609,937,607,888,790
29,644,94,27,334,310,736,32
32,843,158,923,715,488,21,929
170,687,679,382,759,573,219,232
897,993,818,625,642,231,969,864
951,175,27,663,99,789,871,637
862,909,915,927,142,14,26,110
511,530,154,234,619,309,213,282
219,162,336,627,919,410,32,419
414,238,951,459,572,632,286,839
490,353,599,319,279,24,466,851
613,799,390,11,611,697,775,493
994,303,930,277,311,39,434,786
357,653,159,90,236,720,259,943
775,838,934,881,312,655,341,647
662,464,459,586,765,699,641,334
205,25,120,968,2,790,428,684
484,690,307,501,611,501,768,975
715,359,304,922,4,707,529,46
536,553,66,664,389,267,842,772
942,705,432,217,170,706,597,540
615,297,331,958,16,650,462,301
748,25,531,665,909,79,161,810
525,201,819,121,412,926,619,943
841,979,664,299,930,381,843,206
585,589,716,105,341,528,617,243
505,403,462,604,224,516,939,714
337,281,617,424,257,632,90,841
115,573,928,970,498,514,651,454
542,780,404,801,339,465,520,813
351,273,263,339,639,148,723,476
452,267,672,82,681,2,915,960
313,923,957,918,824,530,240,59
111,930,98,821,563,909,158,370
296,815,532,439,20,752,413,994
327,347,513,734,652,486,370,769
250,68,179,545,603,636,490,595
354,591,118,937,318,963,758,913
716,354,445,820,208,20,672,833
497,12,828,187,260,223,961,52
648,596,296,849,469,865,980,833
726,226,907,15,899,500,224,555
974,759,74,929,739,561,910,150
402,872,613,434,679,937,914,146
801,19,652,83,578,548,452,428
875,899,857,734,602,233,349,29
711,763,228,209,531,300,265,551
810,560,140,444,143,738,366,199
568,957,391,440,112,344,735,986
320,876,936,972,532,879,249,531
109,959,515,199,26,219,257,859
440,928,57,167,161,127,967,338
820,699,577,95,976,557,706,278
55,458,383,434,693,821,274,642
162,102,559,263,591,403,815,581
43,647,851,960,574,226,742,219
46,130,495,751,700,695,921,258
957,437,487,836,338,198,704,205
979,134,595,643,782,974,641,331
607,406,934,900,987,584,686,746
657,701,905,568,563,413,423,430
928,235,813,295,837,975,603,428
855,938,416,878,534,611,247,702
650,166,648,831,248,69,99,48
927,295,663,338,523,18,248,146
299,704,234,237,427,769,890,731
919,391,502,899,456,993,750,472
368,662,914,377,16,682,417,498
335,938,779,64,896,769,950,226
416,290,286,599,908,8,389,492
160,341,133,323,867,546,52,914
923,411,19,155,781,874,74,48
726,948,313,563,819,932,23,666
581,549,953,318,764,934,519,403
970,455,561,308,581,417,917,460
213,554,961,52,86,476,186,534
269,809,250,121,455,6,672,716
225,563,439,534,785,37,55,136
495,335,998,700,329,278,18,78
295,162,72,978,85,797,488,235
368,68,396,180,569,736,284,603
516,546,308,533,59,673,743,778
998,998,750,984,968,726,45,958
889,829,932,316,579,962,685,497
138,545,316,825,569,982,125,740
675,84,353,752,463,354,225,590
364,646,782,6,273,2,357,759
631,558,810,289,231,708,993,753
176,256,980,671,544,357,679,460
202,634,469,453,327,297,908,887
492,821,268,379,497,352,615,754
832,462,255,186,731,967,932,392
894,871,971,344,572,703,368,377
152,385,609,126,942,185,113,92
816,848,139,79,180,77,390,269
154,104,748,526,770,126,556,127
549,336,997,426,37,154,311,723
449,609,808,293,444,549,432,989
745,805,941,69,282,818,438,290
933,176,235,807,695,918,586,506
21,550,953,694,812,790,365,348
612,745,107,978,697,5,864,678
373,947,469,272,341,180,222,636
180,205,234,986,970,735,973,169
149,75,488,48,87,409,75,569
493,846,359,622,368,586,255,731
588,578,994,494,766,773,42,834
207,308,519,294,523,142,595,374
732,864,954,221,884,851,437,427
908,969,497,747,848,941,369,7
938,201,156,482,489,216,43,892
826,963,563,615,993,941,401,265
267,612,697,74,113,330,873,477
996,885,721,267,579,55,258,625
433,732,998,311,459,374,119,521
340,125,666,476,92,210,779,877
280,0,429,704,638,927,816,919
726,349,879,387,988,148,111,965
722,65,593,546,466,792,354,608
536,887,253,935,661,797,736,350
147,236,283,921,114,642,266,696
724,297,972,33,311,896,773,818
207,671,546,979,180,692,963,281
754,173,407,81,962,60,686,124
213,619,267,879,643,673,76,157
508,170,794,536,861,727,984,918
224,262,896,456,290,786,83,291
356,622,399,395,460,494,607,544
707,506,847,54,199,200,232,376
528,24,395,651,823,303,588,377
628,442,648,544,11,162,718,865
873,57,123,696,853,335,808,160
139,556,199,194,753,270,177,804
304,379,518,149,935,582,577,618
565,366,271,649,913,366,5,441
893,327,655,439,816,880,903,993
736,266,443,517,402,979,969,230
854,771,646,289,436,726,620,522
310,609,824,838,803,593,89,29
21,187,250,989,78,824,425,484
265,241,155,924,762,95,168,608
440,552,35,19,885,709,448,146
886,832,230,490,246,203,210,506
343,825,913,756,0,386,771,569
575,764,176,322,903,353,68,360
675,674,722,429,37,428,739,883
613,620,261,677,130,894,749,621
531,440,226,566,275,339,272,753
464,758,531,15,850,707,4,934
219,30,3,492,678,144,110,443
607,599,690,541,329,349,994,694
431,624,191,759,942,135,332,607
583,565,30,903,81,318,681,550
418,691,441,986,637,37,375,576
338,286,920,449,401,486,240,974
600,765,330,0,332,781,549,773
876,928,823,554,763,454,761,255
305,393,699,494,788,632,629,954
666,193,345,954,18,572,685,653
723,756,331,822,665,792,650,571
793,379,662,790,454,223,498,614
19,313,745,195,448,684,656,837
733,518,964,907,979,125,995,177
305,21,925,479,837,71,330,680
937,828,233,681,586,601,235,37
311,974,314,43,236,924,979,856
340,76,439,144,592,705,123,648
84,634,613,664,274,439,163,924
199,67,219,854,867,606,223,663
270,221,53,220,739,942,824,330
269,123,264,722,387,358,778,886
743,385,925,758,820,488,160,568
73,120,390,883,506,867,74,40
123,87,430,497,267,899,735,953
140,74,828,744,235,613,401,607
329,650,787,57,910,822,794,505
285,281,860,773,232,267,167,116
61,200,885,297,779,254,815,768
391,749,343,268,882,28,826,704
2,575,902,252,830,279,340,24
395,939,263,130,783,759,271,679
94,278,320,258,522,347,319,71
512,488,310,484,94,924,33,732
365,948,88,824,409,934,85,324
249,277,370,271,999,312,750,191
435,981,484,59,996,693,347,327
940,403,21,592,388,875,783,345
595,710,840,951,196,191,781,781
724,170,556,981,104,177,24,60
16,389,682,879,979,795,756,261
959,680,91,184,277,409,139,906
83,495,590,46,62,232,886,18
703,655,902,393,9,104,605,3
791,170,492,969,448,310,728,762
759,528,466,132,984,460,625,817
233,397,19,741,826,144,738,908
802,973,379,516,114,638,91,556
717,776,330,199,623,12,94,772
931,72,832,972,140,409,343,950
248,327,677,955,555,948,291,177
93,943,142,849,513,690,596,134
48,484,302,408,331,747,255,846
750,575,639,553,446,229,513,48
991,744,333,346,615,33,209,481
200,595,624,838,880,793,706,131
598,156,881,556,627,118,81,194
644,542,36,555,530,217,49,717
683,170,520,519,345,913,11,202
324,14,483,729,7,809,619,907
683,343,734,587,472,1,428,366
120,161,327,647,623,859,950,998
753,631,242,504,469,342,374,825
814,438,507,464,893,286,98,260
133,309,3,55,529,956,774,188
10,92,33,466,875,617,918,239
11,655,327,799,191,371,621,201
359,156,776,471,554,407,86,738
395,387,538,18,679,301,259,957
524,709,89,105,720,645,466,906
679,676,90,764,51,832,367,501
502,331,248,766,353,259,377,154
530,704,909,166,654,231,900,657
46,361,715,214,29,127,565,539
519,994,256,8,703,302,958,715
637,344,681,25,488,545,937,103
828,961,491,199,864,255,182,243
992,662,48,461,565,133,849,819
605,935,202,285,423,876,250,632
255,835,609,889,533,557,236,176
778,330,580,286,861,588,898,128
815,470,97,722,162,619,694,565
675,470,587,603,719,391,336,865
466,288,294,425,677,266,97,844
924,1,575,106,660,475,125,739
731,902,947,402,120,309,466,489
429,463,621,92,949,280,232,266
802,729,117,762,257,496,424,731
676,629,623,811,936,577,52,934
696,237,600,349,849,782,845,463
166,863,590,226,854,250,959,956
24,725,107,796,939,337,131,901
238,196,223,253,586,357,163,558
150,640,417,485,664,470,808,120
906,916,299,618,434,606,156,822
442,777,685,141,1,504,562,212
312,626,735,978,781,310,103,670
710,355,403,676,152,869,130,384
745,854,100,710,714,158,203,115
494,715,819,233,836,593,355,663
508,963,658,141,632,354,58,780
100,652,207,961,656,710,624,739
354,220,583,355,95,153,592,540
439,719,452,920,902,358,128,348
514,857,549,827,320,155,527,365
744,342,840,30,386,950,785,455
755,640,445,751,104,593,237,887
145,251,654,804,700,690,776,900
555,933,527,385,288,138,183,757
978,913,462,137,836,101,570,386
603,253,795,108,419,658,497,349
996,147,901,89,807,451,731,123
137,87,383,324,955,735,736,380
482,385,214,354,67,692,891,249
399,553,583,158,807,70,378,951
357,462,45,791,946,489,813,542
920,997,615,427,617,800,551,88
183,254,475,951,17,573,364,305
961,307,415,141,18,155,785,226
474,871,955,799,194,203,892,191
927,697,298,359,137,276,709,226
413,671,431,55,111,979,972,244
915,583,110,863,339,504,496,549
990,475,115,698,203,87,358,895
542,434,762,919,377,486,785,964
861,729,209,516,883,18,737,863
771,76,356,256,427,812,603,664
497,253,165,284,536,423,316,283
575,620,330,653,59,538,17,389
221,217,10,719,291,54,448,15
360,417,1,256,18,145,543,290
323,1,515,521,244,405,81,273
240,115,57,34,233,303,427,737
658,181,712,610,185,954,260,197
117,243,48,917,990,681,530,12
375,774,6,176,634,607,643,741
607,178,280,46,39,253,907,280
980,580,647,275,209,398,401,314
263,908,54,296,80,738,580,543
414,942,386,785,232,446,999,243
886,469,799,217,815,35,615,787
736,782,827,678,823,279,642,732
8,911,108,624,845,651,997,119
836,9,120,11,766,141,2,876
344,784,702,788,169,498,159,12
502,336,285,961,380,512,540,430
70,770,865,189,48,379,937,701
307,777,721,999,565,405,294,260
372,677,905,919,749,457,418,40
51,874,638,472,741,63,322,334
604,184,584,337,295,198,712,853
14,120,472,362,924,581,748,913
950,989,375,977,600,13,563,687
582,902,292,641,871,933,431,27
239,70,325,356,469,751,41,759
278,630,133,806,848,850,330,207
923,687,330,230,227,51,49,439
301,744,670,386,993,308,503,734
102,979,880,929,173,665,154,377
59,797,462,287,971,607,752,12
607,408,240,419,357,7,15,336
936,956,832,263,178,777,750,444
790,525,347,589,529,438,905,688
844,254,902,241,645,553,354,783
35,881,991,489,498,524,4,82
665,618,62,16,432,244,390,866
470,985,913,196,631,262,329,375
320,692,260,936,271,253,34,104
372,602,257,871,290,225,991,352
541,91,344,414,425,559,518,448
590,916,529,494,213,752,703,77
941,236,255,81,275,997,879,542
926,147,491,685,489,947,941,662
780,156,904,204,538,332,816,220
380,994,703,700,680,370,931,957
924,257,468,110,233,559,551,512
766,697,409,657,746,57,396,586
290,761,433,42,93,45,528,77
5,384,900,358,845,264,31,798
786,612,683,33,742,973,178,667
323,581,743,305,267,974,884,479
843,404,906,868,679,869,585,582
209,760,869,810,897,791,573,878
453,567,897,443,630,901,401,881
849,676,652,324,258,513,894,120
856,520,857,75,932,276,320,444
391,368,221,804,220,398,495,387
676,921,926,896,536,288,919,563
438,30,261,275,364,85,785,872
443,823,294,950,529,182,221,207
989,619,5,303,569,863,501,111
616,912,9,836,631,289,178,529
402,468,263,634,536,84,229,735
961,655,788,571,852,515,813,221
569,423,602,661,148,526,959,237
937,603,863,278,514,500,934,660
102,702,869,824,536,347,738,214
130,518,799,746,143,622,994,201
629,895,73,14,344,574,703,666
882,59,757,162,529,682,124,677
539,983,430,191,360,151,365,381
549,991,544,922,509,425,816,948
198,345,680,251,745,257,442,586
356,23,495,370,535,906,784,818
385,93,470,241,607,50,141,474
819,809,80,366,707,966,511,129
698,576,895,67,203,114,394,689
194,943,50,871,334,802,45,2
841,806,306,605,275,585,123,442
492,640,571,449,258,368,807,700
285,613,147,731,952,255,960,170
537,185,152,624,860,883,366,174
438,403,86,517,403,982,184,623
576,307,21,213,293,318,737,369
890,5,694,348,280,961,317,893
634,894,586,938,524,391,206,10
325,746,808,953,350,108,293,605
419,746,67,226,553,893,15,945
381,99,132,639,923,817,100,371
144,57,365,154,147,308,502,99
799,265,914,291,329,575,776,501
921,66,70,293,586,562,537,338
360,724,963,32,138,342,51,194
952,210,991,946,844,505,294,970
661,366,681,768,328,469,652,332
379,785,73,811,342,422,376,355
131,15,376,897,343,281,877,234
992,266,977,944,526,397,982,164
783,547,610,185,428,634,854,315
9,743,751,690,567,520,620,448
379,293,762,280,481,541,52,51
911,964,344,853,743,542,50,613
99,109,169,978,348,955,372,336
643,277,800,852,707,301,754,147
485,952,298,613,692,502,403,880
613,711,877,425,26,580,380,933
756,101,918,991,466,208,441,782
891,313,638,600,177,528,20,623
775,958,778,637,810,715,620,992
283,900,36,46,417,437,114,417
437,154,358,752,227,929,825,959
266,916,453,379,848,878,260,327
705,201,390,499,437,177,888,828
138,52,541,594,423,749,410,601
294,572,738,192,127,683,739,527
882,963,15,687,571,505,353,736
666,194,134,940,744,479,488,945
510,13,893,606,955,893,258,979
850,487,86,856,881,228,151,574
258,590,811,650,723,119,677,247
427,739,812,984,515,967,346,810
776,826,661,770,632,955,362,643
232,180,0,319,49,605,644,388
916,493,471,774,697,794,54,567
866,531,476,394,90,713,951,936
258,746,392,619,221,39,288,89
312,800,383,643,872,411,309,385
655,833,304,54,922,403,307,606
200,902,167,129,525,71,626,548
698,370,371,815,904,421,368,196
98,223,977,220,510,728,682,918
380,60,960,924,414,964,140,501
907,308,848,735,627,78,276,243
297,553,966,256,459,253,303,20
342,29,219,835,53,508,783,974
950,726,331,244,885,181,503,747
644,753,205,921,337,251,478,746
363,689,437,719,670,615,357,748
929,863,366,778,402,941,624,166
935,117,909,7,983,49,157,897
835,607,331,176,699,744,961,945
147,429,311,819,844,931,224,908
473,414,137,376,313,638,104,766
139,991,940,122,671,448,1,305
606,109,708,899,98,257,481,506
213,847,420,41,555,410,767,764
87,916,557,180,916,111,960,10
253,252,808,36,864,143,547,829
206,952,802,93,197,691,126,318
373,719,998,521,310,901,106,999
925,182,302,385,328,944,211,848
108,605,196,241,507,82,828,567
35,945,62,720,253,986,696,334
770,109,949,807,579,31,920,424
708,297,764,302,968,931,271,99
921,48,525,638,299,796,761,355
89,452,720,54,449,203,248,904
723,884,238,134,965,447,824,395
659,481,349,726,487,311,388,954
973,908,808,674,215,563,223,464
758,70,329,129,28,703,762,571
483,487,67,623,878,912,409,246
258,505,927,681,119,848,359,290
568,394,838,80,381,577,745,460
611,299,246,201,627,251,773,437
789,644,252,74,149,252,940,315
76,536,998,788,948,344,326,802
550,748,83,742,654,693,384,677
512,245,924,367,650,537,171,23
124,773,745,312,346,586,862,312
984,775,962,639,19,254,715,725
310,665,190,982,530,302,297,884
91,632,341,338,824,146,66,740
622,920,578,41,173,602,20,756
578,299,600,518,580,237,327,934
403,608,141,452,424,340,206,131
926,511,311,593,664,447,997,904
723,403,693,764,930,373,543,873
886,486,454,922,30,450,676,877
298,323,173,851,789,623,316,283
121,344,679,74,563,776,530,652
17,203,564,740,237,921,588,771
79,207,502,265,545,54,263,47
797,152,326,463,542,620,330,909
974,978,383,712,237,559,866,954
155,374,884,273,342,261,824,665
507,807,573,199,31,522,45,656
791,365,832,600,865,838,8,179
898,370,168,851,463,700,457,379
124,45,667,964,540,224,575,930
592,648,793,304,997,90,384,967
512,799,127,491,437,2,259,450
449,168,98,321,175,147,526,891
151,277,252,188,585,440,129,743
347,506,24,265,925,891,185,889
484,517,861,15,408,66,823,688
216,31,384,627,849,993,261,638
621,525,386,5,516,589,957,70
107,755,801,121,950,774,435,811
472,949,336,553,244,763,331,966
244,834,267,330,835,669,674,781
607,736,30,786,148,411,731,576
933,536,446,224,583,76,52,207
10,866,517,500,593,823,447,507
616,363,149,525,220,843,933,259
855,380,259,865,397,661,737,173
349,711,832,823,909,713,811,74
785,840,815,195,426,183,543,18
345,431,227,197,285,750,466,882
576,56,914,962,141,456,942,591
617,474,649,14,360,574,228,638
771,34,150,670,578,173,573,493
474,472,218,164,533,889,342,542
301,61,590,823,514,228,779,474
557,358,706,612,548,709,523,745
108,238,251,376,382,671,953,725
213,147,783,486,70,177,686,665
969,570,777,732,520,327,556,450
356,809,248,559,724,148,768,393
13,975,35,734,193,172,845,636
914,811,437,301,835,256,36,876
482,344,159,409,697,135,965,578
108,654,700,909,1,575,544,794
892,730,110,698,919,775,773,564
515,453,304,241,120,245,203,758
769,239,170,878,543,953,546,930
965,151,52,697,792,409,696,432
575,146,645,544,877,531,431,536
311,568,933,162,974,443,332,816
614,647,471,150,115,941,541,47
184,866,195,625,829,573,553,744
182,925,518,906,441,863,750,742
641,54,333,769,402,468,593,457
704,567,496,211,839,461,809,466
768,937,277,152,596,142,812,502
323,940,84,409,340,607,573,974
373,671,701,940,290,820,381,194
33,956,116,523,750,507,361,484
597,558,814,500,964,851,611,29
95,109,719,832,822,851,535,504
405,564,456,738,924,475,774,97
898,672,136,334,924,932,221,531
750,218,420,303,843,968,850,246
910,484,729,389,738,722,725,887
624,11,225,581,270,450,126,522
65,393,626,429,566,258,399,667
897,782,934,550,374,420,393,909
483,633,276,644,688,902,324,164
595,128,757,108,577,173,884,165
539,371,193,332,241,156,717,102
140,414,983,373,769,686,72,269
631,186,598,126,990,294,913,538
261,552,737,579,108,651,261,127
338,804,606,95,822,792,497,22
472,496,527,295,160,411,626,852
789,209,602,67,928,920,157,215
650,411,114,923,15,713,991,807
848,887,359,840,733,879,647,277
831,482,220,883,231,211,208,959
848,26,456,105,782,490,944,883
173,766,500,50,220,320,501,886
460,31,293,632,832,513,203,5
816,345,153,892,629,827,84,916
678,49,789,995,218,598,196,688
112,197,131,767,829,267,520,687
671,441,954,529,363,963,376,412
478,580,108,523,366,754,757,904
481,809,734,538,18,836,542,747
855,495,874,455,365,140,558,634
712,293,992,531,271,876,648,530
0,85,814,226,335,224,830,877
965,944,844,133,116,62,58,52
677,333,406,261,538,848,198,727
180,278,488,249,837,943,316,315
263,865,126,528,944,500,583,661
682,456,590,190,259,193,665,389
164,317,353,867,461,972,969,541
881,369,181,74,277,348,119,249
797,528,962,742,667,438,354,421
211,708,54,302,687,340,417,569
568,18,502,657,534,127,766,431
229,942,28,457,85,848,479,35
376,740,541,772,363,847,432,566
466,545,695,243,214,393,264,971
504,258,552,784,573,597,131,633
158,297,863,21,581,927,650,99
567,201,575,247,146,98,106,649
12,908,720,57,823,894,99,802
960,149,909,746,789,416,117,482
748,301,687,990,825,739,47,82
637,940,646,142,706,770,929,379
370,84,187,365,497,924,948,96
557,639,246,264,188,778,497,950
425,223,993,673,838,238,157,638
968,108,649,672,505,681,162,679
192,903,351,599,894,324,213,354
506,873,391,891,30,265,171,4
943,30,185,925,787,527,178,182
768,292,547,678,624,543,512,546
424,132,663,699,543,28,345,982
548,157,133,271,58,893,483,691
613,203,178,844,776,650,127,208
556,122,859,11,475,707,992,294
759,245,324,392,731,571,926,10
950,540,348,640,18,205,989,966
336,678,55,853,850,600,420,312
455,115,645,798,154,199,766,917
519,157,40,356,414,368,301,123
197,330,3,968,457,629,461,268
152,851,2,53,328,774,714,606
888,226,272,763,91,183,403,589
441,262,796,299,924,355,744,16
641,854,386,202,711,397,27,123
843,350,348,15,532,431,252,153
909,396,422,454,649,677,117,821
82,5,935,436,437,387,157,975
171,616,32,980,315,239,741,88
993,926,791,990,257,432,749,69
356,312,979,955,545,883,504,647
126,269,526,658,784,424,362,133
428,893,425,424,631,188,463,994
4,834,358,687,892,490,677,258
374,244,542,260,773,49,711,90
7,769,319,469,478,429,557,987
724,673,667,207,999,766,18,93
88,431,347,155,188,676,983,540
666,306,901,385,940,7,958,355
350,415,309,298,154,792,763,117
316,258,787,929,129,368,313,95
465,478,93,922,263,799,119,372
815,227,326,705,389,360,74,544
761,706,974,570,397,603,650,464
378,600,844,438,575,434,926,95
123,142,617,79,334,352,409,520
31,742,264,526,475,641,985,751
66,441,768,379,844,634,46,83
348,139,306,592,477,516,539,193
852,1000,548,224,238,539,544,262
447,255,975,326,735,901,461,298
514,570,710,601,1000,720,546,655
584,21,483,958,475,146,810,154
982,961,835,1000,586,95,398,96
279,919,46,939,709,835,943,494
93,813,487,969,730,942,127,652
676,25,894,417,323,871,294,515
438,501,324,772,526,796,346,198
491,902,802,660,51,889,362,593
998,260,417,596,525,532,239,763
818,314,837,969,196,682,91,84
687,53,381,517,410,822,36,584
0,957,944,938,360,626,268,720
776,127,283,765,965,450,310,822
703,568,974,843,42,462,67,527
686,725,642,100,379,318,952,673
828,64,498,144,491,25,687,815
651,155,845,60,192,290,99,571
951,494,769,165,978,866,913,498
43,424,117,661,680,38,540,912
601,257,232,190,533,921,781,548
106,326,311,890,204,585,405,238
816,471,45,961,394,454,250,302
837,516,240,289,164,269,53,309
743,35,927,899,688,195,589,486
357,425,928,553,858,282,766,981
71,69,227,65,715,888,682,369
443,695,580,839,873,490,381,249
193,79,227,785,85,386,946,384
872,535,202,15,994,698,614,622
121,672,818,448,77,153,789,793
369,570,548,410,929,51,784,95
859,141,11,762,606,414,665,651
299,189,804,219,687,135,676,342
449,292,718,378,586,307,842,97
822,388,116,496,294,646,166,123
246,556,581,229,678,703,806,773
403,765,203,316,974,553,527,50
835,591,608,167,128,353,55,340
472,125,306,759,985,302,286,76
725,119,297,65,42,713,957,57
917,332,654,228,303,602,938,783
983,864,486,385,393,614,808,660
952,49,454,467,537,323,513,718
871,586,217,346,94,405,435,707
254,153,631,265,397,60,754,424
291,755,255,167,196,608,591,937
165,634,215,724,911,432,656,418
708,188,463,1000,592,633,911,494
92,643,992,596,363,474,625,48
646,758,516,275,731,261,997,540
43,308,397,222,607,210,432,460
115,692,640,345,180,106,182,525
29,84,394,314,264,978,792,469
608,49,862,732,457,336,297,700
734,118,682,170,746,52,403,604
311,740,534,794,462,837,997,78
241,111,576,457,263,780,995,885
415,291,278,792,783,850,104,929
266,995,478,930,286,60,818,535
612,132,971,374,183,382,499,760
113,97,915,140,389,532,23,691
927,814,983,765,481,133,421,62
867,394,592,942,860,879,760,603
350,305,115,411,242,518,669,463
402,212,659,458,878,635,993,870
497,554,836,554,253,37,945,232
457,344,699,904,507,63,782,347
971,312,665,413,300,531,101,64
171,986,21,923,540,441,346,915
431,666,77,538,125,597,208,10
920,625,279,555,521,629,612,352
232,379,843,344,869,623,505,831
744,549,210,675,77,622,901,789
968,46,555,123,519,787,322,760
534,7,205,914,609,556,866,443
774,661,295,302,977,226,996,3
370,638,173,596,414,943,139,257
785,467,157,967,47,784,816,808
204,48,485,649,233,837,297,883
691,116,462,44,596,98,779,82
151,810,456,251,995,307,918,308
685,111,192,923,966,788,770,991
117,496,796,611,76,524,581,660
124,91,328,5,989,177,881,270
446,889,225,996,201,836,49,754
812,629,868,185,704,163,129,260
673,929,138,476,603,100,505,720
289,648,329,433,311,953,621,804
414,624,672,793,76,392,699,114
705,443,893,34,761,450,27,261
529,684,225,73,824,866,55,233
198,833,242,169,595,616,698,670
85,49,495,875,592,951,296,81
308,731,235,451,556,482,212,253
891,388,844,448,621,850,38,235
923,443,9,209,651,333,592,767
772,539,267,149,80,372,93,206
359,561,781,400,649,413,116,620
133,697,833,246,620,888,846,258
372,518,28,718,290,710,295,12
462,675,994,310,901,379,789,828
478,362,299,483,735,223,160,498
295,797,576,634,52,534,999,231
525,229,351,906,499,9,594,476
663,998,280,881,377,471,503,138
5,920,988,790,69,736,376,429
577,983,73,653,992,766,199,704
896,207,92,507,534,747,338,602
885,93,579,494,120,199,562,95
11,539,504,85,563,965,589,840
652,736,314,23,916,165,258,836
380,619,246,54,618,490,893,816
173,639,983,215,706,432,448,229
683,849,467,369,101,772,399,576
158,993,501,896,559,551,470,8
100,524,959,139,879,19,481,847
510,974,355,443,820,797,554,327
592,601,741,203,530,469,814,327
419,231,485,757,125,941,302,630
306,963,385,328,403,559,94,955
130,877,581,48,130,16,364,859
64,450,744,512,976,294,741,203
905,186,403,837,959,714,586,620
555,718,937,372,812,51,93,425
257,691,253,848,218,978,884,962
603,734,665,738,142,150,448,728
545,273,585,724,411,176,657,168
870,235,923,228,940,459,307,617
161,673,557,620,110,997,544,618
316,450,522,455,835,984,644,251
128,12,85,5,878,487,273,314
172,90,622,522,92,142,43,333
78,218,897,7,324,763,885,162
46,200,855,891,289,594,245,131
346,112,206,756,401,633,951,826
983,359,572,445,282,136,983,446
980,132,501,973,52,292,465,738
658,730,753,938,822,385,686,861
896,130,832,772,312,213,140,369
161,318,30,888,910,511,339,931
837,75,473,590,667,844,149,819
604,255,391,78,186,67,930,712
402,312,633,404,307,927,535,313
715,376,917,524,96,314,207,199
98,83,23,625,139,23,867,49
721,377,914,866,751,49,175,995
426,726,153,911,52,633,219,907
492,43,422,493,517,800,895,86
596,934,815,701,691,48,654,826
473,658,650,656,267,187,654,580
163,861,120,178,427,56,134,950
758,766,259,889,343,146,16,762
966,197,635,59,501,166,291,156
81,781,259,88,408,557,241,17
791,442,534,8,122,300,605,715
673,328,971,154,704,550,876,735
289,773,862,505,930,976,303,34
599,121,448,444,274,142,202,921
981,834,955,449,855,322,886,481
38,351,369,721,3,771,574,506
775,100,157,83,46,228,447,636
354,678,743,881,778,872,117,315
275,456,334,848,69,594,145,298
358,775,760,271,9,793,843,810
929,205,795,723,194,839,29,23
190,295,778,984,529,858,258,530
842,448,193,38,884,987,948,725
540,355,670,358,161,31,904,662
676,19,659,330,971,710,775,552
536,927,835,176,939,655,574,653
483,303,205,540,655,417,297,378
261,843,833,57,737,358,897,359
243,927,469,564,261,273,852,76
882,608,252,202,297,146,386,535
116,240,252,422,936,345,982,336
424,689,127,749,357,374,784,493
497,804,536,633,935,344,195,383
76,912,187,542,490,717,269,125
573,584,728,680,249,632,413,843
711,521,405,669,94,634,716,813
506,404,795,873,769,606,158,418
338,949,798,434,337,774,650,482
649,960,632,157,793,350,583,424
461,956,93,733,496,447,955,687
226,800,670,694,654,578,412,315
579,204,776,304,297,248,928,294
930,745,354,460,139,726,630,723
859,200,347,186,623,592,2,391
932,962,156,180,755,912,499,252
990,235,524,753,284,552,17,952
666,158,105,417,861,421,269,473
297,722,324,949,635,752,938,622
743,872,611,88,810,17,307,365
18,814,85,700,400,335,529,655
949,135,191,733,976,792,733,145
408,756,730,410,204,122,629,225
155,343,395,797,647,558,544,186
282,30,756,153,109,945,172,14
505,110,956,363,262,8,176,544
281,181,537,972,989,295,661,576
296,447,733,380,496,619,917,58
601,177,593,593,177,990,620,818
978,36,796,840,466,794,907,235
773,686,397,473,330,257,974,236
900,508,990,428,243,847,407,499
281,12,550,798,824,417,485,979
254,9,123,343,64,545,949,973
724,366,456,36,475,573,357,916
801,6,658,828,511,206,65,108
318,202,897,162,349,239,351,587
848,82,724,380,221,73,285,868
131,882,240,494,660,110,766,723
894,273,493,782,46,797,780,295
135,717,25,46,985,537,320,887
398,971,581,729,386,868,107,402
170,93,331,398,677,297,491,797
267,204,886,410,455,88,237,491
871,363,296,639,441,567,275,549
186,397,532,790,601,0,783,284
854,450,498,44,811,43,220,222
535,927,916,930,481,447,894,552
976,179,793,608,986,998,772,820
151,343,502,328,759,841,975,187
151,424,622,165,766,46,659,943
308,408,240,149,282,4,460,692
969,487,476,599,658,582,937,108
275,595,709,316,607,425,699,940
589,799,642,565,699,630,884,283
94,707,931,947,610,935,416,259
197,247,649,515,350,580,935,496
85,428,672,975,173,211,474,166
989,608,135,726,760,659,314,590
312,680,948,775,556,190,830,501
371,427,858,690,905,799,966,357
609,217,236,931,175,492,405,730
217,419,701,359,739,851,589,409
569,747,894,122,240,90,213,398
942,916,434,253,346,398,490,893
537,779,150,834,95,194,585,151
